0 0.677110 0.738390 0.648021 0.692660 0.562238 0.723354 0.591327 0.769084
0 0.708158 0.340081 0.725853 0.293654 0.636264 0.274448 0.618570 0.320875
0 0.540051 0.767965 0.509219 0.722306 0.424438 0.754509 0.455270 0.800168
0 0.763112 0.643904 0.746469 0.594169 0.654841 0.611417 0.671485 0.661152
0 0.512767 0.420857 0.570331 0.365972 0.517296 0.334684 0.459732 0.389569
0 0.587581 0.492794 0.598280 0.443325 0.506697 0.432183 0.495998 0.481652
0 0.451855 0.275908 0.427882 0.212456 0.365077 0.225803 0.389049 0.289255
0 0.418139 0.633390 0.426631 0.583247 0.333656 0.574389 0.325164 0.624533
0 0.784089 0.546181 0.830959 0.511317 0.764104 0.460760 0.717233 0.495624
0 0.395642 0.774119 0.396336 0.723132 0.299586 0.722391 0.298892 0.773379
0 0.271797 0.573726 0.210743 0.517497 0.156925 0.550367 0.217979 0.606596
0 0.540632 0.645928 0.523727 0.595228 0.434873 0.611894 0.451779 0.662593
0 0.643027 0.598899 0.671737 0.551500 0.582952 0.521250 0.554242 0.568649
0 0.400694 0.480348 0.398767 0.410920 0.331756 0.411966 0.333682 0.481394
0 0.819883 0.426472 0.831810 0.375114 0.737874 0.362843 0.725947 0.414201
0 0.677110 0.738390 0.648021 0.692660 0.562238 0.723354 0.591327 0.769084
0 0.708158 0.340081 0.725853 0.293654 0.636264 0.274448 0.618570 0.320875
0 0.540051 0.767965 0.509219 0.722306 0.424438 0.754509 0.455270 0.800168
0 0.763112 0.643904 0.746469 0.594169 0.654841 0.611417 0.671485 0.661152
0 0.512767 0.420857 0.570331 0.365972 0.517296 0.334684 0.459732 0.389569
0 0.587581 0.492794 0.598280 0.443325 0.506697 0.432183 0.495998 0.481652
0 0.451855 0.275908 0.427882 0.212456 0.365077 0.225803 0.389049 0.289255
0 0.418139 0.633390 0.426631 0.583247 0.333656 0.574389 0.325164 0.624533
0 0.784089 0.546181 0.830959 0.511317 0.764104 0.460760 0.717233 0.495624
0 0.395642 0.774119 0.396336 0.723132 0.299586 0.722391 0.298892 0.773379
0 0.271797 0.573726 0.210743 0.517497 0.156925 0.550367 0.217979 0.606596
0 0.540632 0.645928 0.523727 0.595228 0.434873 0.611894 0.451779 0.662593
0 0.643027 0.598899 0.671737 0.551500 0.582952 0.521250 0.554242 0.568649
0 0.400694 0.480348 0.398767 0.410920 0.331756 0.411966 0.333682 0.481394
0 0.819883 0.426472 0.831810 0.375114 0.737874 0.362843 0.725947 0.414201
0 0.230495 0.024118 0.248270 0.003418 0.213328 0.000000 0.195554 0.007242
0 0.677110 0.738390 0.648021 0.692660 0.562238 0.723354 0.591327 0.769084
0 0.708158 0.340081 0.725853 0.293654 0.636264 0.274448 0.618570 0.320875
0 0.540051 0.767965 0.509219 0.722306 0.424438 0.754509 0.455270 0.800168
0 0.763112 0.643904 0.746469 0.594169 0.654841 0.611417 0.671485 0.661152
0 0.512767 0.420857 0.570331 0.365972 0.517296 0.334684 0.459732 0.389569
0 0.587581 0.492794 0.598280 0.443325 0.506697 0.432183 0.495998 0.481652
0 0.451855 0.275908 0.427882 0.212456 0.365077 0.225803 0.389049 0.289255
0 0.418139 0.633390 0.426631 0.583247 0.333656 0.574389 0.325164 0.624533
0 0.784089 0.546181 0.830959 0.511317 0.764104 0.460760 0.717233 0.495624
0 0.395642 0.774119 0.396336 0.723132 0.299586 0.722391 0.298892 0.773379
0 0.271797 0.573726 0.210743 0.517497 0.156925 0.550367 0.217979 0.606596
0 0.540632 0.645928 0.523727 0.595228 0.434873 0.611894 0.451779 0.662593
0 0.643027 0.598899 0.671737 0.551500 0.582952 0.521250 0.554242 0.568649
0 0.400694 0.480348 0.398767 0.410920 0.331756 0.411966 0.333682 0.481394
0 0.819883 0.426472 0.831810 0.375114 0.737874 0.362843 0.725947 0.414201
