0 0.518214 0.425715 0.524843 0.316381 0.341403 0.310125 0.334774 0.419459
0 0.518214 0.425715 0.524843 0.316381 0.341403 0.310125 0.334774 0.419459
0 0.539066 0.542250 0.530499 0.433649 0.326350 0.442707 0.334917 0.551308
0 0.870708 0.521905 0.870976 0.413423 0.667791 0.413140 0.667523 0.521622
0 0.518214 0.425715 0.524843 0.316381 0.341403 0.310125 0.334774 0.419459
0 0.539066 0.542250 0.530499 0.433649 0.326350 0.442707 0.334917 0.551308
0 0.870708 0.521905 0.870976 0.413423 0.667791 0.413140 0.667523 0.521622
0 0.522144 0.294689 0.525083 0.185896 0.335614 0.183017 0.332675 0.291810
0 0.503413 0.676737 0.507271 0.565189 0.302766 0.561210 0.298908 0.672758
0 0.518214 0.425715 0.524843 0.316381 0.341403 0.310125 0.334774 0.419459
