0 0.534518 0.754663 0.496273 0.717214 0.425715 0.757746 0.463960 0.795195
0 0.641617 0.506351 0.648856 0.462663 0.564071 0.454761 0.556832 0.498449
0 0.748938 0.751796 0.785537 0.690851 0.726399 0.670874 0.689799 0.731820
0 0.577401 0.639019 0.603205 0.578942 0.544492 0.564758 0.518689 0.624835
0 0.374236 0.721466 0.364256 0.656116 0.300147 0.661623 0.310128 0.726973
0 0.533953 0.368512 0.503886 0.330313 0.430903 0.362626 0.460970 0.400825
0 0.269009 0.640110 0.242427 0.577100 0.180790 0.591727 0.207372 0.654737
0 0.269548 0.467668 0.283018 0.404723 0.221312 0.397296 0.207843 0.460241
0 0.401100 0.569840 0.395153 0.507122 0.333631 0.510403 0.339578 0.573121
0 0.431384 0.503935 0.452373 0.443299 0.391173 0.431383 0.370185 0.492019
0 0.884023 0.552243 0.876697 0.508209 0.790243 0.516300 0.797570 0.560334
0 0.253112 0.541842 0.225035 0.481015 0.165942 0.496358 0.194020 0.557185
0 0.435588 0.675845 0.485001 0.618438 0.429998 0.591807 0.380585 0.649214
0 0.633052 0.812570 0.657747 0.750084 0.592848 0.735657 0.568153 0.798143
0 0.724441 0.597487 0.660036 0.550447 0.615679 0.584608 0.680084 0.631648
0 0.534518 0.754663 0.496273 0.717214 0.425715 0.757746 0.463960 0.795195
0 0.641617 0.506351 0.648856 0.462663 0.564071 0.454761 0.556832 0.498449
0 0.748938 0.751796 0.785537 0.690851 0.726399 0.670874 0.689799 0.731820
0 0.577401 0.639019 0.603205 0.578942 0.544492 0.564758 0.518689 0.624835
0 0.374236 0.721466 0.364256 0.656116 0.300147 0.661623 0.310128 0.726973
0 0.533953 0.368512 0.503886 0.330313 0.430903 0.362626 0.460970 0.400825
0 0.269009 0.640110 0.242427 0.577100 0.180790 0.591727 0.207372 0.654737
0 0.269548 0.467668 0.283018 0.404723 0.221312 0.397296 0.207843 0.460241
0 0.401100 0.569840 0.395153 0.507122 0.333631 0.510403 0.339578 0.573121
0 0.431384 0.503935 0.452373 0.443299 0.391173 0.431383 0.370185 0.492019
0 0.884023 0.552243 0.876697 0.508209 0.790243 0.516300 0.797570 0.560334
0 0.253112 0.541842 0.225035 0.481015 0.165942 0.496358 0.194020 0.557185
0 0.435588 0.675845 0.485001 0.618438 0.429998 0.591807 0.380585 0.649214
0 0.633052 0.812570 0.657747 0.750084 0.592848 0.735657 0.568153 0.798143
0 0.724441 0.597487 0.660036 0.550447 0.615679 0.584608 0.680084 0.631648
