0 0.732358 0.707323 0.770359 0.698088 0.791933 0.741707 0.752777 0.751388
0 0.481891 0.532384 0.518935 0.531523 0.521696 0.571604 0.483034 0.572393
0 0.434414 0.495397 0.469787 0.503642 0.452703 0.540995 0.416344 0.532584
0 0.358590 0.400835 0.375680 0.378480 0.420577 0.395165 0.403343 0.418174
0 0.521618 0.315317 0.535232 0.338000 0.488163 0.351085 0.475128 0.327858
0 0.708950 0.371601 0.745592 0.372691 0.745592 0.408677 0.707594 0.407776
0 0.382572 0.306332 0.396730 0.329281 0.349428 0.342324 0.335937 0.319500
0 0.301793 0.341195 0.326777 0.322259 0.363252 0.345960 0.338768 0.365398
0 0.363441 0.253249 0.365707 0.276387 0.316213 0.280085 0.314324 0.255999
0 0.384976 0.244905 0.434470 0.243672 0.434093 0.219871 0.384346 0.221388
