0 0.617217 0.596356 0.662442 0.604427 0.675507 0.558016 0.630952 0.550196
0 0.626597 0.503280 0.663112 0.483858 0.701302 0.521189 0.664452 0.540864
0 0.592092 0.570880 0.563617 0.543890 0.515377 0.573654 0.543765 0.599656
0 0.524757 0.501262 0.512027 0.532540 0.568977 0.547422 0.583717 0.515892
0 0.624922 0.458130 0.635977 0.489912 0.576012 0.501010 0.564957 0.469733
0 0.532127 0.468219 0.542177 0.499749 0.485227 0.509586 0.474506 0.478309
0 0.539162 0.460652 0.550552 0.429375 0.491592 0.418277 0.480871 0.449554
0 0.434306 0.473516 0.493602 0.481336 0.480201 0.521946 0.423251 0.514379
0 0.381041 0.481588 0.404156 0.453590 0.455411 0.477552 0.432296 0.504794
0 0.309686 0.502776 0.322751 0.458634 0.280541 0.452076 0.267476 0.496722
0 0.371171 0.472948 0.346512 0.432977 0.307249 0.446709 0.331909 0.486680
0 0.323803 0.403523 0.344321 0.375487 0.395489 0.395894 0.374971 0.423550
0 0.442351 0.419735 0.483134 0.410199 0.466669 0.367857 0.425126 0.376631
0 0.477055 0.367667 0.518344 0.356986 0.536582 0.399137 0.496306 0.409817
0 0.497066 0.342491 0.468696 0.304918 0.431459 0.320366 0.459576 0.357749
0 0.480094 0.317124 0.508212 0.294046 0.553048 0.322083 0.524677 0.345352
0 0.437032 0.354507 0.391183 0.327805 0.364585 0.352409 0.410688 0.378920
0 0.356986 0.341728 0.299738 0.333336 0.290113 0.364234 0.347107 0.372816
0 0.301765 0.319222 0.317977 0.290804 0.371425 0.306253 0.354453 0.334862
0 0.399542 0.304918 0.457550 0.296526 0.449951 0.266391 0.393209 0.275164
0 0.463630 0.456868 0.464071 0.425357 0.404378 0.426186 0.405039 0.458195
0 0.551881 0.399549 0.612676 0.398976 0.612676 0.367506 0.552388 0.367888
0 0.716532 0.369795 0.687909 0.329552 0.648392 0.345001 0.677776 0.383909
0 0.266594 0.515510 0.306871 0.527335 0.282553 0.570248 0.242984 0.558328
0 0.321309 0.534773 0.355828 0.553687 0.318699 0.591558 0.284157 0.571434
0 0.201494 0.549650 0.179456 0.521422 0.232144 0.497009 0.253422 0.525618
0 0.252916 0.433306 0.262541 0.464776 0.204787 0.475839 0.196174 0.445132
0 0.187131 0.372367 0.229341 0.370097 0.231686 0.413734 0.190816 0.416761
0 0.406673 0.502507 0.447164 0.512158 0.426773 0.556903 0.385699 0.546155
0 0.425899 0.570721 0.437843 0.604499 0.378708 0.617220 0.367638 0.584758
0 0.625113 0.415133 0.668272 0.408809 0.678989 0.452864 0.636429 0.458913
