0 0.514873 0.431938 0.482380 0.448817 0.451525 0.414964 0.483262 0.398654
0 0.551462 0.378837 0.551900 0.407614 0.496815 0.408521 0.496486 0.379167
0 0.613107 0.433560 0.590062 0.395989 0.554351 0.407676 0.576634 0.445463
0 0.664283 0.398368 0.626172 0.391771 0.638730 0.352733 0.676557 0.358628
0 0.625589 0.459943 0.657019 0.442957 0.690544 0.476587 0.657525 0.493786
0 0.590431 0.536884 0.643199 0.521143 0.627079 0.493454 0.575696 0.510048
0 0.565081 0.459670 0.581579 0.486126 0.532337 0.503479 0.515083 0.476928
0 0.450533 0.464142 0.485249 0.450042 0.511422 0.486075 0.476598 0.500523
0 0.471815 0.542501 0.433151 0.551035 0.418325 0.510658 0.457021 0.502454
0 0.545867 0.575226 0.555011 0.604665 0.499849 0.614352 0.491230 0.583968
0 0.536981 0.641977 0.586042 0.619301 0.564249 0.593328 0.516392 0.614849
0 0.349350 0.558945 0.389182 0.557084 0.392756 0.599991 0.352171 0.601921
0 0.309503 0.554361 0.349549 0.552340 0.353080 0.595006 0.311706 0.596608
0 0.364310 0.493310 0.396835 0.508235 0.367023 0.544046 0.333540 0.528485
0 0.359800 0.478156 0.333001 0.441738 0.298555 0.455532 0.324033 0.492190
0 0.428243 0.470521 0.391952 0.439585 0.362497 0.458845 0.399025 0.489770
0 0.274956 0.514926 0.235778 0.507085 0.251623 0.466693 0.290117 0.474974
0 0.235363 0.436188 0.244777 0.465086 0.188806 0.474973 0.180939 0.446230
0 0.447684 0.421288 0.442597 0.379994 0.403807 0.382364 0.408080 0.423511
0 0.311686 0.418730 0.367490 0.420738 0.369585 0.391627 0.313971 0.389691
0 0.373004 0.341173 0.401661 0.360341 0.364677 0.391412 0.335331 0.371352
0 0.454232 0.353666 0.431567 0.316381 0.395857 0.328427 0.418521 0.365281
0 0.523963 0.324855 0.512147 0.352732 0.459594 0.339950 0.471432 0.312356
0 0.394678 0.336249 0.356734 0.342047 0.345784 0.302797 0.384346 0.296948
0 0.332770 0.339995 0.331966 0.369331 0.276203 0.368185 0.277251 0.339290
