0 0.396974 0.260670 0.394400 0.284020 0.444328 0.285958 0.446001 0.262220
0 0.529351 0.270709 0.499569 0.258921 0.523735 0.230987 0.553346 0.242647
0 0.542253 0.328575 0.531647 0.304838 0.484003 0.314884 0.494283 0.338612
0 0.579568 0.325097 0.591020 0.303103 0.638375 0.315505 0.627308 0.339146
0 0.663853 0.347866 0.635029 0.331395 0.603760 0.358330 0.631426 0.374413
0 0.534361 0.395692 0.515831 0.373989 0.471951 0.391429 0.490739 0.414004
0 0.344558 0.440542 0.366000 0.418375 0.408669 0.438781 0.387846 0.461126
0 0.297162 0.375996 0.324893 0.358926 0.358170 0.385154 0.330731 0.402370
0 0.393490 0.369915 0.383565 0.346545 0.335207 0.357314 0.344548 0.380978
0 0.640012 0.369867 0.608871 0.382366 0.635894 0.412208 0.667935 0.399224
0 0.733724 0.481337 0.702394 0.495407 0.672406 0.462381 0.703848 0.448564
0 0.446237 0.536170 0.484564 0.538753 0.479146 0.579308 0.440395 0.576887
0 0.715253 0.837615 0.751999 0.820921 0.718746 0.777372 0.681959 0.793437
