0 0.698561 0.622299 0.740700 0.616906 0.730040 0.571635 0.687402 0.576525
0 0.545934 0.567048 0.586073 0.557643 0.568752 0.514377 0.528112 0.523407
0 0.646200 0.511242 0.667519 0.484029 0.718651 0.506853 0.697665 0.534693
0 0.443982 0.506094 0.440078 0.474233 0.499270 0.469966 0.503048 0.502112
0 0.346268 0.464650 0.388993 0.469012 0.380448 0.513504 0.337289 0.509033
0 0.334971 0.516994 0.347137 0.548291 0.405214 0.534441 0.392759 0.503690
0 0.453469 0.376890 0.496025 0.374411 0.500332 0.418659 0.458789 0.420948
0 0.217639 0.407597 0.255382 0.423427 0.284876 0.383561 0.247133 0.367730
0 0.401084 0.332027 0.358938 0.326684 0.350249 0.370303 0.391960 0.375102
0 0.306153 0.308973 0.269761 0.325414 0.238157 0.288783 0.273783 0.271765
0 0.704146 0.276874 0.708992 0.308053 0.651282 0.311370 0.646656 0.280356
0 0.800183 0.297107 0.816043 0.269079 0.762297 0.251830 0.746218 0.279693
0 0.973798 0.445627 0.989217 0.475811 0.934810 0.490240 0.919392 0.459724
0 0.469952 0.318623 0.474357 0.349774 0.532010 0.345592 0.528180 0.314874
0 0.464014 0.261225 0.505195 0.266273 0.495044 0.308528 0.453288 0.303336
0 0.416513 0.300740 0.389698 0.278243 0.434901 0.250553 0.461141 0.274493
