0 0.368426 0.331895 0.369014 0.355827 0.319500 0.357904 0.319053 0.333626
0 0.390454 0.324449 0.391244 0.300990 0.439895 0.300241 0.439822 0.324393
0 0.492532 0.292174 0.523303 0.303127 0.544563 0.274650 0.514463 0.263866
0 0.611218 0.358318 0.633374 0.340120 0.594077 0.319167 0.572492 0.337137
0 0.645861 0.371816 0.647976 0.395515 0.596110 0.396853 0.595434 0.372899
0 0.745444 0.462761 0.707792 0.460595 0.705931 0.497800 0.743244 0.500093
0 0.508214 0.620489 0.469096 0.620198 0.468195 0.662635 0.507571 0.662732
0 0.459144 0.590302 0.423731 0.579904 0.403702 0.618659 0.439284 0.628769
0 0.353161 0.481975 0.372279 0.458988 0.416600 0.477033 0.397684 0.500577
0 0.300975 0.419385 0.327869 0.401073 0.362999 0.425877 0.336233 0.444479
0 0.384322 0.386848 0.396584 0.409987 0.348329 0.422582 0.337263 0.399135
0 0.715873 0.819499 0.750359 0.800897 0.788063 0.842559 0.751517 0.861452
