0 0.628796 0.622465 0.656393 0.612514 0.666633 0.665918 0.638911 0.675039
0 0.584840 0.602397 0.611063 0.584983 0.629045 0.633743 0.603321 0.651323
0 0.535639 0.643860 0.543631 0.605714 0.582748 0.620683 0.574600 0.658454
0 0.672856 0.615606 0.712326 0.614510 0.711831 0.575468 0.672030 0.576784
0 0.644451 0.616264 0.670544 0.573932 0.647919 0.549147 0.622486 0.591041
0 0.587050 0.514924 0.614802 0.510562 0.620467 0.562469 0.591648 0.567267
0 0.683943 0.512136 0.684586 0.549403 0.644532 0.549687 0.644460 0.511662
0 0.735551 0.486302 0.772642 0.472647 0.764506 0.437227 0.727769 0.451501
0 0.703430 0.390586 0.730204 0.398551 0.722493 0.449757 0.695434 0.441317
0 0.646507 0.439797 0.670318 0.420168 0.691174 0.465206 0.667403 0.484508
0 0.598608 0.451188 0.618599 0.425301 0.645731 0.463042 0.626084 0.488615
0 0.582921 0.459649 0.559126 0.478962 0.538731 0.433063 0.562998 0.414252
0 0.538278 0.502843 0.560412 0.480465 0.583544 0.522662 0.561483 0.544851
0 0.565348 0.361236 0.591980 0.349668 0.603760 0.399925 0.577415 0.411304
0 0.501471 0.468929 0.536062 0.445525 0.523205 0.412756 0.488761 0.436052
0 0.513774 0.572137 0.553364 0.570112 0.552023 0.533299 0.512388 0.535059
0 0.431245 0.551559 0.459408 0.558865 0.451613 0.611864 0.423450 0.604558
0 0.468194 0.504608 0.493310 0.488431 0.510730 0.536136 0.485613 0.552313
0 0.457748 0.470467 0.434992 0.492162 0.411197 0.450402 0.433895 0.427737
0 0.479975 0.371371 0.491589 0.405231 0.455858 0.426850 0.444244 0.392990
0 0.642535 0.420163 0.619024 0.401101 0.638751 0.357199 0.662168 0.375258
0 0.677080 0.343084 0.649561 0.345743 0.645274 0.294466 0.672840 0.291333
0 0.648822 0.337564 0.622302 0.339963 0.617622 0.288928 0.644717 0.285766
0 0.504042 0.286271 0.510896 0.322399 0.549063 0.309627 0.542209 0.273498
0 0.514998 0.240703 0.529874 0.271998 0.497333 0.299283 0.482456 0.267988
