0 0.339581 0.233168 0.382224 0.239191 0.371051 0.282453 0.328689 0.276862
0 0.375673 0.328498 0.342999 0.347718 0.304198 0.312865 0.338660 0.292826
0 0.461716 0.288064 0.421648 0.280034 0.436738 0.237265 0.477915 0.245694
0 0.544925 0.328059 0.504978 0.338253 0.484263 0.296893 0.524112 0.286860
0 0.607867 0.322443 0.566217 0.317430 0.573274 0.274680 0.614984 0.279373
0 0.476718 0.357802 0.493291 0.388078 0.548045 0.370727 0.531915 0.341869
0 0.460440 0.389558 0.500691 0.379641 0.521260 0.422761 0.479233 0.432455
0 0.552781 0.350671 0.592736 0.342315 0.610642 0.385101 0.569651 0.393680
0 0.634438 0.348968 0.672171 0.333393 0.701668 0.373918 0.663168 0.388484
0 0.698794 0.355602 0.740741 0.346084 0.720438 0.302963 0.679258 0.313491
0 0.660991 0.301022 0.701999 0.300214 0.698111 0.257515 0.657129 0.258580
0 0.696339 0.219694 0.708200 0.248339 0.764148 0.236628 0.752399 0.208741
0 0.559414 0.227651 0.574495 0.256076 0.628984 0.241894 0.614949 0.214046
0 0.600451 0.287810 0.580422 0.260260 0.631782 0.240377 0.653154 0.267337
0 0.753383 0.356323 0.767365 0.387042 0.825210 0.373629 0.810078 0.342190
0 0.848661 0.447614 0.805916 0.452080 0.795702 0.407673 0.836886 0.402804
0 0.673909 0.487474 0.680038 0.455731 0.739859 0.462605 0.734714 0.494383
0 0.686919 0.446747 0.644781 0.457275 0.623903 0.413577 0.665658 0.402184
0 0.541173 0.415300 0.549095 0.446746 0.608744 0.438552 0.600229 0.407099
0 0.534266 0.420379 0.481507 0.419120 0.478879 0.474483 0.531811 0.475875
0 0.461470 0.434820 0.462459 0.467377 0.400729 0.468714 0.399218 0.435884
0 0.413911 0.429586 0.373964 0.443909 0.345594 0.402409 0.385601 0.387714
0 0.291352 0.468728 0.330602 0.452360 0.362170 0.493191 0.322657 0.510201
0 0.385855 0.348247 0.406030 0.376236 0.459414 0.355060 0.438884 0.327367
0 0.631208 0.531206 0.642740 0.563678 0.582413 0.574826 0.571481 0.542330
0 0.735998 0.512227 0.722852 0.542890 0.663582 0.527384 0.677271 0.496257
0 0.586607 0.476660 0.611494 0.450311 0.661605 0.476714 0.637076 0.503102
0 0.539117 0.489042 0.568654 0.530269 0.607516 0.514484 0.577978 0.473257
