0 0.285793 0.284765 0.248072 0.292258 0.235976 0.253406 0.273808 0.246042
0 0.387937 0.293766 0.385804 0.322849 0.330992 0.320467 0.333817 0.291825
0 0.429530 0.270738 0.392069 0.279749 0.375528 0.242019 0.412503 0.233375
0 0.502765 0.217632 0.508895 0.246424 0.454017 0.252578 0.448433 0.225345
0 0.525604 0.287873 0.565359 0.290276 0.561271 0.331259 0.521020 0.328696
0 0.575717 0.376966 0.564323 0.348888 0.617943 0.336407 0.629435 0.364933
0 0.557084 0.422730 0.538696 0.396840 0.586479 0.375723 0.606815 0.402464
0 0.567343 0.360415 0.543699 0.383859 0.499667 0.359637 0.523620 0.335903
0 0.458159 0.322172 0.497061 0.321311 0.499391 0.362623 0.459780 0.363045
0 0.467019 0.421518 0.464819 0.391831 0.520149 0.389080 0.522541 0.418176
0 0.552873 0.456386 0.513460 0.463322 0.500794 0.422996 0.538674 0.415606
0 0.579921 0.425764 0.618063 0.435581 0.599206 0.474787 0.562051 0.465090
0 0.483714 0.463624 0.523826 0.460469 0.529220 0.502011 0.489263 0.505007
0 0.455990 0.475227 0.430848 0.452229 0.474638 0.426205 0.499208 0.448808
0 0.438039 0.442427 0.405254 0.458182 0.375707 0.423425 0.408499 0.407463
0 0.398229 0.414224 0.370230 0.393899 0.408483 0.364379 0.437504 0.384230
0 0.417898 0.358766 0.380077 0.370224 0.358255 0.332739 0.394258 0.321047
0 0.351846 0.378213 0.334599 0.404589 0.285156 0.387565 0.301828 0.361279
0 0.270217 0.367274 0.266590 0.395557 0.211919 0.392718 0.215794 0.363924
0 0.281631 0.342420 0.275812 0.371403 0.220871 0.365842 0.226954 0.337333
0 0.423247 0.515620 0.387989 0.530444 0.360757 0.493950 0.395680 0.479131
0 0.496715 0.520688 0.484805 0.550056 0.430162 0.537493 0.442072 0.508125
0 0.511162 0.586949 0.517982 0.555558 0.575245 0.562306 0.569454 0.594183
0 0.399974 0.601055 0.453996 0.584199 0.439198 0.554895 0.385441 0.571366
0 0.363572 0.536863 0.389037 0.560041 0.344913 0.587632 0.319692 0.564767
0 0.242425 0.565697 0.249041 0.535440 0.305194 0.542087 0.297983 0.572584
0 0.308151 0.458496 0.312979 0.488469 0.256472 0.493741 0.252349 0.464023
0 0.360414 0.421004 0.374438 0.448343 0.321701 0.463142 0.307884 0.435156
