0 0.306260 0.460434 0.343790 0.443271 0.375779 0.484520 0.336612 0.500830
0 0.475769 0.458574 0.474258 0.425859 0.413051 0.427376 0.414185 0.460281
0 0.426532 0.419917 0.387743 0.434331 0.359029 0.393082 0.398196 0.379048
0 0.297962 0.348683 0.337355 0.336905 0.359488 0.378875 0.318672 0.390667
0 0.354777 0.338847 0.388025 0.319123 0.351125 0.284228 0.316870 0.304141
0 0.419119 0.366515 0.399075 0.339316 0.451192 0.317678 0.471571 0.345642
0 0.472852 0.380981 0.512492 0.370824 0.535221 0.412755 0.492422 0.424277
0 0.489179 0.348000 0.505002 0.378098 0.561657 0.361212 0.545835 0.331115
0 0.565436 0.341059 0.605851 0.332262 0.624813 0.374517 0.583058 0.383603
0 0.649101 0.338836 0.686127 0.323759 0.714672 0.363500 0.677646 0.378577
0 0.755797 0.334479 0.714375 0.344402 0.694823 0.302309 0.735665 0.292168
0 0.769810 0.345003 0.784241 0.375314 0.841428 0.362058 0.827771 0.330958
0 0.865613 0.437462 0.822134 0.442077 0.811216 0.396649 0.854695 0.391601
0 0.737265 0.533410 0.752088 0.502309 0.692128 0.486383 0.677337 0.517217
0 0.694033 0.445309 0.688229 0.477632 0.750432 0.485218 0.755908 0.452400
0 0.600783 0.467407 0.625215 0.441140 0.675843 0.467027 0.651079 0.493433
0 0.552028 0.479751 0.590747 0.464666 0.621191 0.505275 0.583169 0.520905
0 0.645354 0.522191 0.657192 0.553862 0.596993 0.565241 0.584903 0.532906
0 0.659429 0.446721 0.701400 0.436438 0.680608 0.393455 0.639204 0.403867
0 0.554489 0.405915 0.562203 0.437105 0.623149 0.429074 0.614102 0.396809
0 0.486637 0.460165 0.528701 0.451820 0.545325 0.496198 0.502263 0.504820
0 0.518483 0.328765 0.558783 0.317964 0.537354 0.275530 0.496800 0.286634
0 0.622004 0.312066 0.578866 0.307677 0.586717 0.263933 0.629855 0.268322
0 0.717638 0.288585 0.675309 0.290435 0.671107 0.246617 0.713585 0.244583
0 0.711044 0.206250 0.723614 0.236149 0.781894 0.224032 0.768200 0.194172
0 0.573276 0.215671 0.587950 0.245356 0.643210 0.229868 0.628536 0.200184
0 0.352041 0.224185 0.394356 0.229970 0.383816 0.273686 0.341500 0.267902
0 0.547304 0.496662 0.534479 0.528139 0.475230 0.514454 0.488054 0.482977
0 0.476293 0.278290 0.433078 0.269714 0.448236 0.226412 0.491451 0.234988
