0 0.340818 0.295851 0.368787 0.279583 0.402083 0.306213 0.374262 0.323372
0 0.438732 0.292366 0.429391 0.268116 0.378892 0.277640 0.388233 0.301963
0 0.444802 0.183342 0.442856 0.205894 0.491681 0.209460 0.494543 0.185074
0 0.578821 0.195547 0.549040 0.182862 0.574737 0.155441 0.604008 0.167486
0 0.590117 0.253514 0.579823 0.230357 0.531439 0.238980 0.541862 0.262524
0 0.643577 0.229731 0.629937 0.250659 0.675619 0.266065 0.690288 0.245137
0 0.691562 0.265627 0.702192 0.288122 0.653741 0.297053 0.642887 0.271862
0 0.601598 0.300338 0.632928 0.287616 0.659560 0.318368 0.628341 0.330332
0 0.580863 0.320483 0.562313 0.298188 0.518237 0.315358 0.535765 0.337910
0 0.476611 0.354986 0.444647 0.367688 0.419194 0.335487 0.452194 0.322896
0 0.453735 0.412293 0.430080 0.392048 0.388386 0.416650 0.413743 0.437280
0 0.519949 0.501014 0.482214 0.497449 0.488626 0.458972 0.525868 0.461905
0 0.449149 0.531912 0.427917 0.508175 0.381592 0.530168 0.402023 0.555114
0 0.702444 0.650988 0.673269 0.671864 0.632747 0.639304 0.661261 0.618186
0 0.778309 0.409400 0.746525 0.423255 0.717701 0.390119 0.749613 0.377136
0 0.840333 0.475862 0.800634 0.476375 0.796742 0.437253 0.835176 0.436960
0 0.780007 0.741679 0.746822 0.760899 0.709723 0.720665 0.743589 0.702726
