0 0.406389 0.427518 0.425730 0.405729 0.468192 0.424781 0.448852 0.446570
0 0.469199 0.525032 0.502937 0.535543 0.481269 0.571457 0.446950 0.560289
0 0.510643 0.565009 0.547820 0.566437 0.545544 0.606616 0.507355 0.604998
0 0.740493 0.759883 0.780628 0.753970 0.796043 0.801052 0.754744 0.806745
0 0.442388 0.335215 0.452724 0.357900 0.405935 0.369302 0.395819 0.346038
0 0.359902 0.365061 0.386368 0.348199 0.418797 0.372944 0.393058 0.390463
0 0.430568 0.280847 0.430186 0.304460 0.380944 0.305396 0.382292 0.281430
0 0.454861 0.251309 0.452991 0.273829 0.501043 0.275153 0.502582 0.252137
0 0.758813 0.419056 0.795231 0.422484 0.791437 0.459140 0.754260 0.455427
0 0.621038 0.205016 0.612391 0.226238 0.566496 0.217724 0.576141 0.196189
