0 0.730503 0.788130 0.761608 0.768361 0.722049 0.731464 0.692401 0.750147
0 0.654653 0.705714 0.680683 0.683596 0.638221 0.653267 0.612045 0.675822
0 0.363525 0.581432 0.384010 0.603711 0.429027 0.579813 0.406771 0.557058
0 0.461051 0.507104 0.498102 0.507961 0.495573 0.546807 0.457764 0.545378
0 0.387465 0.488951 0.362301 0.470670 0.399983 0.444202 0.425021 0.463529
0 0.385922 0.390852 0.415720 0.377523 0.443100 0.406914 0.412641 0.421071
0 0.520022 0.348926 0.539264 0.369292 0.497590 0.387755 0.479008 0.366643
0 0.307342 0.355682 0.333199 0.338592 0.367538 0.363007 0.341098 0.380285
0 0.389692 0.325051 0.401761 0.347607 0.353773 0.359322 0.342867 0.335782
0 0.799189 0.508119 0.763066 0.510008 0.754370 0.473240 0.791329 0.470974
0 0.705645 0.460901 0.735004 0.446992 0.705425 0.416856 0.675627 0.430434
0 0.557959 0.348773 0.586898 0.335087 0.616127 0.364650 0.585298 0.377789
0 0.581790 0.299511 0.594215 0.278896 0.638748 0.291894 0.627972 0.312427
0 0.641168 0.311400 0.653674 0.332970 0.607722 0.343371 0.595652 0.320378
0 0.532675 0.282466 0.543676 0.303889 0.498027 0.314933 0.486899 0.292273
0 0.528958 0.248124 0.498483 0.237366 0.522130 0.210135 0.551846 0.220704
0 0.399001 0.241617 0.397990 0.264277 0.446294 0.265610 0.446294 0.242093
