0 0.388354 0.530604 0.406458 0.555903 0.455700 0.535729 0.436293 0.510430
0 0.485411 0.453086 0.523697 0.454887 0.519541 0.494714 0.480374 0.492628
0 0.682852 0.659528 0.711440 0.637528 0.668514 0.605904 0.639925 0.627903
0 0.838829 0.459945 0.800353 0.460422 0.794391 0.422701 0.832565 0.420893
0 0.743123 0.409046 0.774263 0.395351 0.743885 0.362870 0.712746 0.377139
0 0.525427 0.352077 0.526856 0.378606 0.580183 0.377674 0.578551 0.350455
0 0.380512 0.357685 0.400443 0.335999 0.444029 0.355046 0.424645 0.377804
0 0.552233 0.288933 0.571640 0.310743 0.527322 0.329390 0.508639 0.307581
0 0.592632 0.289872 0.622353 0.276407 0.650816 0.306467 0.620842 0.319268
0 0.566953 0.219906 0.577960 0.242915 0.529297 0.252948 0.518579 0.229611
0 0.534393 0.171749 0.564181 0.183788 0.589040 0.155835 0.558267 0.144208
0 0.428717 0.175464 0.427206 0.199550 0.477877 0.201352 0.479388 0.177267
0 0.618152 0.239036 0.632246 0.217454 0.678622 0.231938 0.665195 0.252803
0 0.680736 0.251843 0.692830 0.274644 0.644168 0.284754 0.632074 0.260017
0 0.416121 0.262260 0.427619 0.286502 0.378120 0.297387 0.368045 0.273474
0 0.330096 0.293362 0.357474 0.275222 0.392299 0.301443 0.364702 0.319666
