0 0.344942 0.220335 0.387585 0.226358 0.376412 0.269620 0.333823 0.264144
0 0.382025 0.316186 0.348568 0.335951 0.310107 0.300844 0.344569 0.280805
0 0.468754 0.274105 0.428686 0.266075 0.443776 0.223306 0.484953 0.231735
0 0.552974 0.314939 0.512183 0.325403 0.491208 0.283644 0.531613 0.273083
0 0.616441 0.308867 0.574791 0.303854 0.581848 0.261104 0.623558 0.265797
0 0.483786 0.345393 0.500359 0.375669 0.555899 0.358465 0.539299 0.328623
0 0.467300 0.378042 0.508288 0.367476 0.529005 0.410785 0.487699 0.420668
0 0.560333 0.338249 0.601316 0.329158 0.619061 0.371838 0.578296 0.381007
0 0.643856 0.335023 0.681181 0.320791 0.710963 0.360128 0.673013 0.374864
0 0.709141 0.340433 0.750280 0.331296 0.729684 0.289362 0.689915 0.299077
0 0.669803 0.286864 0.711687 0.286011 0.707757 0.242126 0.665899 0.243236
0 0.706675 0.202434 0.718782 0.231757 0.775546 0.220056 0.762970 0.190791
0 0.567413 0.212274 0.582494 0.240699 0.638500 0.226157 0.622844 0.197570
0 0.609025 0.272908 0.588996 0.245358 0.640356 0.225475 0.661728 0.252435
0 0.765683 0.342253 0.779430 0.372456 0.836699 0.359085 0.821659 0.328882
0 0.859974 0.434275 0.817060 0.439066 0.806701 0.394163 0.848876 0.389038
0 0.683403 0.475517 0.689177 0.443603 0.750025 0.450594 0.744860 0.482370
0 0.695705 0.433693 0.654758 0.444465 0.634045 0.401680 0.674476 0.391101
0 0.549111 0.403205 0.557033 0.434651 0.617273 0.426367 0.608758 0.394914
0 0.421183 0.417989 0.381519 0.432752 0.352343 0.391570 0.392059 0.376435
0 0.392479 0.336123 0.413099 0.364256 0.466038 0.342936 0.445508 0.315243
0 0.639820 0.520153 0.651352 0.552625 0.591025 0.563773 0.580093 0.531277
0 0.746026 0.500786 0.732880 0.531449 0.673143 0.515827 0.686832 0.484700
0 0.595862 0.465607 0.620975 0.439015 0.671086 0.465418 0.646331 0.492049
0 0.616611 0.503294 0.586718 0.462291 0.547799 0.477667 0.577544 0.518893
0 0.353644 0.376452 0.311990 0.388251 0.290076 0.345323 0.332201 0.333534
