0 0.659216 0.581784 0.615545 0.573853 0.629415 0.528163 0.673494 0.536129
0 0.627376 0.480994 0.661853 0.462684 0.699327 0.499930 0.662954 0.518974
0 0.625546 0.436545 0.635621 0.467548 0.576469 0.478446 0.566300 0.446769
0 0.626885 0.392039 0.669956 0.386444 0.680056 0.430525 0.636985 0.436120
0 0.719645 0.345986 0.681120 0.361035 0.652009 0.320905 0.692079 0.305901
0 0.555126 0.343466 0.554269 0.374656 0.614739 0.375014 0.615120 0.343609
0 0.550459 0.405890 0.538960 0.436976 0.481639 0.424644 0.493403 0.394346
0 0.512748 0.500088 0.533779 0.473158 0.586085 0.495970 0.564472 0.523716
0 0.532353 0.445321 0.541114 0.475830 0.482616 0.485353 0.473855 0.454844
0 0.484387 0.521045 0.516365 0.500855 0.477664 0.466104 0.445685 0.486294
0 0.433904 0.451036 0.473323 0.462605 0.451503 0.504754 0.411361 0.493233
0 0.407813 0.426081 0.443328 0.441822 0.473301 0.402090 0.435645 0.387013
0 0.527921 0.550454 0.556307 0.525482 0.510983 0.496982 0.482299 0.521993
0 0.479082 0.343210 0.518616 0.332903 0.537913 0.374864 0.498379 0.385171
0 0.485855 0.383370 0.446357 0.394327 0.425728 0.352168 0.466252 0.342129
0 0.483701 0.291059 0.511516 0.268109 0.555501 0.296221 0.526933 0.319524
0 0.498513 0.316851 0.460857 0.332308 0.433906 0.293619 0.470922 0.278744
0 0.437573 0.329031 0.411071 0.352613 0.365404 0.325815 0.393330 0.301408
0 0.323290 0.376629 0.343988 0.349254 0.395788 0.370445 0.374652 0.398150
0 0.356759 0.314999 0.347232 0.345508 0.290504 0.336685 0.300360 0.305764
0 0.301894 0.290866 0.319087 0.262501 0.371544 0.278910 0.354460 0.307604
0 0.395005 0.246757 0.401357 0.276936 0.459837 0.269020 0.452718 0.238676
0 0.185893 0.344919 0.226572 0.342454 0.230854 0.386358 0.189168 0.388918
0 0.252029 0.406813 0.261156 0.438048 0.203720 0.447988 0.195449 0.417599
0 0.234851 0.449799 0.242156 0.479858 0.300970 0.470945 0.292154 0.439557
0 0.369829 0.450390 0.327995 0.454348 0.321096 0.410234 0.363148 0.405946
0 0.318275 0.467530 0.277597 0.460418 0.288427 0.417842 0.330239 0.423247
0 0.258697 0.484640 0.301422 0.487149 0.293746 0.532622 0.251166 0.529459
0 0.339647 0.497592 0.368865 0.520161 0.325538 0.552557 0.296050 0.529591
0 0.436949 0.519043 0.450356 0.549031 0.392667 0.564121 0.379888 0.533760
0 0.393208 0.478337 0.435145 0.478717 0.432375 0.523758 0.389304 0.523095
0 0.402069 0.430338 0.380809 0.456873 0.431477 0.479888 0.453623 0.451949
