0 0.348630 0.614188 0.390243 0.616022 0.396219 0.572190 0.354606 0.570356
0 0.439161 0.555190 0.400414 0.547557 0.414299 0.506738 0.453648 0.513498
0 0.464988 0.578736 0.459675 0.548737 0.513905 0.541403 0.520989 0.571402
0 0.517512 0.600905 0.506289 0.629284 0.560028 0.641333 0.570736 0.612373
0 0.514501 0.563490 0.526887 0.592223 0.582119 0.580125 0.568729 0.550636
0 0.607224 0.577856 0.572411 0.593609 0.603818 0.631221 0.638857 0.614276
0 0.635844 0.605455 0.674340 0.594743 0.694591 0.635321 0.655762 0.645529
0 0.753218 0.561775 0.754223 0.592523 0.697150 0.591767 0.696647 0.561018
0 0.657286 0.598147 0.623876 0.581090 0.653237 0.545738 0.687913 0.562508
0 0.700695 0.512577 0.704871 0.542402 0.648725 0.546859 0.644884 0.516389
0 0.615903 0.563938 0.576670 0.567463 0.568571 0.525917 0.607550 0.521915
0 0.496846 0.521198 0.525092 0.501380 0.562773 0.531828 0.534527 0.551645
0 0.515698 0.482527 0.538346 0.506315 0.582266 0.482432 0.559233 0.458419
0 0.597987 0.452394 0.572929 0.475549 0.615677 0.501775 0.640735 0.478620
0 0.673349 0.493257 0.702975 0.475242 0.670071 0.442761 0.639697 0.460908
0 0.820916 0.471173 0.805096 0.444778 0.754095 0.459929 0.770098 0.487702
0 0.746786 0.459420 0.706786 0.456322 0.711284 0.415252 0.751667 0.417918
0 0.630589 0.446168 0.594437 0.433440 0.618003 0.395822 0.653486 0.408424
0 0.526158 0.459964 0.561055 0.448755 0.539057 0.409927 0.502948 0.422810
0 0.591067 0.387017 0.629149 0.380497 0.617423 0.340276 0.578637 0.346687
0 0.627630 0.385895 0.667157 0.383356 0.662543 0.342635 0.623017 0.345174
0 0.727410 0.356542 0.743770 0.382628 0.794128 0.366583 0.778538 0.339917
0 0.489362 0.477945 0.467269 0.453749 0.421610 0.477385 0.443703 0.501580
0 0.412420 0.458036 0.383357 0.479919 0.345247 0.450500 0.374118 0.429196
0 0.362762 0.415139 0.402219 0.417892 0.406839 0.378039 0.368344 0.375140
0 0.421494 0.415433 0.456497 0.429196 0.481164 0.393633 0.446160 0.379869
