0 0.293370 0.334931 0.321808 0.317782 0.356037 0.345298 0.327212 0.362738
0 0.381426 0.306434 0.391748 0.331279 0.341659 0.341281 0.331813 0.316787
0 0.393035 0.243806 0.396380 0.220068 0.445922 0.222878 0.443863 0.247100
0 0.530148 0.232737 0.500130 0.219530 0.525071 0.192411 0.555023 0.204197
0 0.542417 0.290480 0.531786 0.266806 0.483447 0.276326 0.493406 0.299748
0 0.595228 0.266046 0.581022 0.287512 0.627629 0.302604 0.641154 0.281505
0 0.643227 0.301540 0.654320 0.324691 0.605377 0.333702 0.595647 0.309965
0 0.584804 0.324493 0.553585 0.337299 0.579657 0.367882 0.611323 0.355244
0 0.533625 0.358209 0.515430 0.335718 0.471158 0.353447 0.488575 0.375866
0 0.486460 0.398074 0.487140 0.424572 0.540072 0.424352 0.538515 0.397832
0 0.362464 0.378901 0.340851 0.400941 0.385268 0.422724 0.406541 0.399531
0 0.443626 0.497341 0.482007 0.500206 0.476524 0.540141 0.437696 0.537276
0 0.350058 0.589427 0.372437 0.614028 0.420217 0.588921 0.396830 0.563983
0 0.730501 0.445375 0.699268 0.459075 0.669785 0.426546 0.701797 0.412993
0 0.792316 0.510813 0.753693 0.511816 0.749105 0.473041 0.786841 0.471927
0 0.661332 0.685551 0.634103 0.708169 0.592520 0.675523 0.620341 0.653907
0 0.628747 0.734888 0.644877 0.766198 0.698890 0.750822 0.682612 0.719624
0 0.706760 0.791401 0.742183 0.774603 0.707954 0.733684 0.672531 0.750482
