0 0.775713 0.864368 0.813819 0.845793 0.777255 0.800682 0.739368 0.819091
0 0.656340 0.736243 0.686517 0.713024 0.731011 0.747521 0.700834 0.771569
0 0.488663 0.562544 0.527929 0.563842 0.524289 0.606674 0.484641 0.604079
0 0.778342 0.499291 0.745698 0.515093 0.712720 0.481860 0.745031 0.466435
0 0.381816 0.469453 0.402502 0.445513 0.447322 0.465126 0.427210 0.489355
0 0.331320 0.405885 0.358801 0.387199 0.394777 0.413158 0.366962 0.432220
0 0.417595 0.372903 0.428921 0.397608 0.379787 0.410149 0.368461 0.384942
0 0.551117 0.396323 0.571972 0.418569 0.527075 0.438634 0.507088 0.416279
0 0.576185 0.350659 0.563875 0.326341 0.515501 0.338991 0.527377 0.362436
0 0.424646 0.310842 0.426239 0.286524 0.476640 0.286633 0.475192 0.311169
0 0.528215 0.280949 0.559694 0.292863 0.584178 0.262891 0.552532 0.251855
0 0.612628 0.346551 0.623206 0.322655 0.672953 0.333750 0.661492 0.357740
0 0.701163 0.365706 0.670434 0.349775 0.638193 0.378886 0.668167 0.394722
0 0.645933 0.402159 0.677544 0.388030 0.707392 0.418089 0.674018 0.432787
