0 0.458566 0.487336 0.497351 0.490126 0.492188 0.531385 0.451382 0.528375
0 0.387258 0.606252 0.434393 0.580419 0.410576 0.555839 0.364107 0.581422
0 0.663483 0.759350 0.720753 0.743342 0.702557 0.710749 0.646053 0.726324
0 0.763466 0.766994 0.728223 0.724594 0.691831 0.741900 0.727074 0.784877
0 0.811717 0.500485 0.805221 0.459979 0.765748 0.460732 0.771410 0.501238
0 0.748426 0.434271 0.717780 0.401038 0.685135 0.414708 0.715448 0.448191
0 0.499979 0.414550 0.499312 0.387089 0.553116 0.386730 0.554735 0.414192
0 0.352574 0.391084 0.374991 0.368421 0.419952 0.389472 0.397786 0.412988
0 0.528478 0.324016 0.548754 0.347025 0.502408 0.365891 0.482711 0.342009
0 0.304126 0.325332 0.332658 0.307121 0.368141 0.334820 0.339031 0.353031
0 0.393342 0.295126 0.404494 0.320534 0.352789 0.331330 0.342217 0.306031
0 0.566705 0.325549 0.598683 0.311880 0.627164 0.343733 0.595186 0.357277
0 0.657644 0.288805 0.669969 0.313008 0.619388 0.322400 0.607396 0.296817
0 0.594349 0.276211 0.642321 0.291062 0.655812 0.268991 0.608676 0.253440
0 0.544025 0.254562 0.555864 0.279311 0.506243 0.289078 0.495161 0.264803
0 0.403159 0.233274 0.406635 0.208629 0.457760 0.210592 0.455443 0.235891
0 0.541907 0.221279 0.568121 0.191835 0.536403 0.179295 0.510768 0.207539
