0 0.462297 0.661098 0.404795 0.634014 0.376931 0.666819 0.434433 0.693521
0 0.320257 0.567086 0.332162 0.530657 0.399796 0.541528 0.388397 0.577385
0 0.285553 0.612860 0.310378 0.646047 0.245784 0.673893 0.220706 0.640325
0 0.527876 0.587194 0.537203 0.551955 0.597829 0.562239 0.589168 0.596474
0 0.642465 0.591207 0.628308 0.544055 0.585170 0.551454 0.599661 0.599108
0 0.593042 0.510463 0.591376 0.462558 0.546407 0.462182 0.547906 0.510840
0 0.407339 0.489599 0.473228 0.490320 0.472845 0.455131 0.407339 0.453977
0 0.284594 0.514627 0.244064 0.471008 0.200011 0.492237 0.241421 0.535855
0 0.220275 0.467691 0.233932 0.431204 0.303537 0.445301 0.291202 0.481125
0 0.365873 0.469018 0.365212 0.418102 0.315652 0.417605 0.316533 0.468686
0 0.670991 0.402982 0.680185 0.436152 0.622148 0.444805 0.612572 0.411346
0 0.613993 0.349028 0.648636 0.313037 0.613660 0.291341 0.579183 0.327835
0 0.269937 0.257568 0.320624 0.259542 0.320333 0.310428 0.270811 0.307796
0 0.268313 0.158326 0.312610 0.179348 0.279614 0.221205 0.234602 0.200293
0 0.755663 0.294319 0.759284 0.326815 0.702800 0.327687 0.699324 0.294537
0 0.550851 0.076127 0.592191 0.073261 0.608782 0.119082 0.565759 0.123881
