0 0.415150 0.676236 0.446976 0.637118 0.411655 0.620525 0.379028 0.659128
0 0.525847 0.663514 0.501959 0.691589 0.452437 0.665488 0.476907 0.637852
0 0.327467 0.731289 0.338537 0.697511 0.397958 0.707076 0.387496 0.740438
0 0.531090 0.642239 0.562842 0.605829 0.528760 0.587405 0.496133 0.623815
0 0.605956 0.608022 0.617608 0.566129 0.577116 0.558891 0.565464 0.600346
0 0.500503 0.592230 0.455059 0.565252 0.429133 0.589598 0.474577 0.617015
0 0.354850 0.644213 0.404955 0.618331 0.382233 0.592230 0.332128 0.616796
0 0.326593 0.697073 0.354850 0.670752 0.399711 0.700363 0.373064 0.725077
0 0.458555 0.726244 0.416024 0.734141 0.403207 0.687422 0.445446 0.679745
0 0.557373 0.556068 0.606953 0.536898 0.586853 0.510413 0.538278 0.529583
0 0.521528 0.552536 0.500422 0.513692 0.463237 0.525295 0.484007 0.562878
0 0.524208 0.501080 0.502767 0.464001 0.467257 0.475100 0.488027 0.512179
0 0.447827 0.464001 0.449167 0.492504 0.392887 0.494270 0.392217 0.465263
0 0.400592 0.503350 0.441462 0.507386 0.431747 0.548248 0.391547 0.543960
0 0.345317 0.578012 0.317432 0.542456 0.282257 0.558094 0.310142 0.593651
0 0.338282 0.502846 0.344982 0.532358 0.287362 0.539672 0.282672 0.509656
0 0.364412 0.472577 0.356707 0.501080 0.302012 0.494327 0.309807 0.465515
0 0.489367 0.428184 0.438590 0.413891 0.425047 0.442309 0.475967 0.455173
0 0.400927 0.424905 0.347407 0.420800 0.343722 0.448042 0.397242 0.452146
