0 0.717538 0.786946 0.757209 0.780498 0.778493 0.827341 0.733281 0.834358
0 0.490144 0.588697 0.527473 0.590561 0.524521 0.631288 0.486240 0.628993
0 0.449040 0.548364 0.482879 0.559825 0.460648 0.595694 0.426261 0.583820
0 0.735162 0.446281 0.771080 0.449879 0.768039 0.485974 0.730383 0.482376
0 0.565727 0.384112 0.578038 0.406249 0.531402 0.417154 0.518947 0.394254
0 0.438710 0.279847 0.436424 0.302075 0.483657 0.304297 0.484895 0.281855
0 0.413766 0.308723 0.412908 0.330879 0.365199 0.331022 0.366151 0.308365
0 0.424954 0.361544 0.435029 0.383725 0.388048 0.393537 0.378411 0.371109
0 0.342884 0.389400 0.369167 0.373196 0.401069 0.397933 0.374595 0.414209
0 0.388814 0.450990 0.408256 0.430333 0.449225 0.449136 0.429904 0.470330
