0 0.413361 0.576733 0.449273 0.586444 0.429041 0.626147 0.392117 0.615960
0 0.459609 0.617984 0.498574 0.618236 0.498574 0.661299 0.457769 0.660795
0 0.626107 0.741523 0.653199 0.718858 0.697516 0.751344 0.668752 0.774890
0 0.782114 0.848502 0.746661 0.805816 0.710204 0.823444 0.747163 0.866759
0 0.342918 0.475074 0.361563 0.452540 0.406885 0.470538 0.387953 0.494296
0 0.374558 0.377996 0.386766 0.401417 0.337976 0.414033 0.326311 0.390635
0 0.290374 0.411619 0.316043 0.392958 0.351702 0.417808 0.325527 0.436659
0 0.358462 0.321809 0.359044 0.345472 0.308909 0.347601 0.308243 0.323248
0 0.381846 0.313300 0.431948 0.313516 0.432426 0.289614 0.382898 0.289686
0 0.517207 0.292262 0.539294 0.262528 0.509366 0.252090 0.486227 0.280239
0 0.576380 0.348616 0.625185 0.357130 0.632003 0.334656 0.584195 0.326204
0 0.706050 0.454450 0.743245 0.456898 0.742097 0.494910 0.703660 0.492246
0 0.642041 0.363131 0.644190 0.387505 0.591334 0.388076 0.591460 0.362750
