0 0.743034 0.505352 0.730116 0.536822 0.670335 0.521564 0.684267 0.490285
0 0.680971 0.480931 0.742263 0.488080 0.748438 0.455439 0.686468 0.449329
0 0.637201 0.525265 0.648590 0.556763 0.588577 0.567977 0.577516 0.535901
0 0.546086 0.483125 0.583308 0.467640 0.613107 0.508247 0.574618 0.523582
0 0.593427 0.470315 0.617614 0.444034 0.667854 0.470235 0.643122 0.496259
0 0.693314 0.439317 0.671923 0.396893 0.632360 0.407011 0.652841 0.449641
0 0.554872 0.440239 0.615485 0.431869 0.607809 0.400354 0.547196 0.408724
0 0.466815 0.429447 0.468347 0.460742 0.407300 0.462437 0.405693 0.429886
0 0.419547 0.423050 0.380740 0.437095 0.352093 0.396464 0.392066 0.382167
0 0.299175 0.463150 0.336956 0.446461 0.367812 0.486667 0.329400 0.503451
0 0.291148 0.352167 0.331700 0.340281 0.352991 0.382483 0.312813 0.394071
0 0.491783 0.453545 0.534921 0.453922 0.534212 0.499990 0.488619 0.500071
0 0.466901 0.385596 0.506041 0.373432 0.528972 0.415261 0.489832 0.427425
0 0.498713 0.381709 0.554176 0.364654 0.537853 0.335058 0.482391 0.352489
0 0.558729 0.344422 0.598369 0.335769 0.617356 0.378282 0.575162 0.387101
0 0.641839 0.342170 0.678916 0.327340 0.707882 0.366816 0.670371 0.381537
0 0.747450 0.337563 0.706844 0.347370 0.687499 0.306989 0.728105 0.296605
0 0.776426 0.379031 0.834648 0.365836 0.819441 0.335302 0.762378 0.348715
0 0.858078 0.440484 0.815007 0.445699 0.804176 0.400657 0.846870 0.395537
0 0.412256 0.370833 0.464685 0.348805 0.443974 0.321106 0.392269 0.342480
0 0.381823 0.323073 0.343989 0.288337 0.311111 0.307560 0.348122 0.342145
0 0.346273 0.228293 0.388714 0.234077 0.377128 0.277507 0.335815 0.271795
0 0.469475 0.282062 0.427932 0.273670 0.442939 0.231555 0.484481 0.239947
0 0.550414 0.321304 0.512106 0.331399 0.490846 0.291307 0.530877 0.279769
0 0.614387 0.315674 0.571578 0.311097 0.579682 0.268129 0.622491 0.272706
0 0.709274 0.292413 0.667636 0.294169 0.663638 0.251531 0.706009 0.249214
0 0.716497 0.240786 0.773402 0.228660 0.760313 0.199162 0.703745 0.211046
0 0.580623 0.249360 0.635784 0.234283 0.621049 0.206214 0.565636 0.220343
