0 0.784673 0.805068 0.747252 0.764049 0.713772 0.782419 0.749772 0.823352
0 0.629759 0.705224 0.656590 0.683125 0.699738 0.713799 0.672250 0.736722
0 0.464747 0.587982 0.502858 0.587653 0.503496 0.629461 0.464419 0.629870
0 0.418362 0.548399 0.454255 0.558071 0.434734 0.596380 0.399345 0.586423
0 0.345650 0.450473 0.364048 0.427632 0.408400 0.444948 0.390002 0.468860
0 0.373814 0.353945 0.386737 0.377610 0.339318 0.390555 0.326943 0.366643
0 0.292047 0.388319 0.317109 0.369923 0.353379 0.394103 0.327310 0.413163
0 0.356744 0.298641 0.357839 0.322884 0.308449 0.325357 0.307573 0.300785
0 0.380385 0.290175 0.428680 0.290258 0.428680 0.265273 0.379509 0.266510
0 0.512981 0.267391 0.481842 0.256923 0.504030 0.227453 0.534312 0.237707
0 0.572972 0.322765 0.580529 0.300007 0.627838 0.307098 0.621267 0.330433
0 0.626212 0.325766 0.654367 0.339358 0.624672 0.367871 0.595325 0.353574
0 0.603436 0.377509 0.633442 0.362915 0.663011 0.391032 0.633223 0.406039
0 0.702177 0.424757 0.740152 0.426261 0.739157 0.464656 0.699910 0.463009
