0 0.513218 0.656279 0.533989 0.629386 0.484493 0.607713 0.463722 0.634605
0 0.405454 0.618006 0.385301 0.592298 0.336500 0.616000 0.356154 0.641332
0 0.412705 0.553272 0.419385 0.524412 0.472608 0.531009 0.465819 0.559539
0 0.347591 0.531271 0.379459 0.512306 0.346934 0.481797 0.316380 0.499525
0 0.475587 0.459941 0.477759 0.487312 0.532071 0.484150 0.529319 0.457651
0 0.639326 0.495155 0.600222 0.497663 0.594863 0.458079 0.633533 0.455680
0 0.442229 0.472675 0.403994 0.475292 0.401534 0.436392 0.438768 0.434578
0 0.330271 0.479016 0.338884 0.450979 0.391103 0.458797 0.383421 0.486486
0 0.594052 0.534081 0.588360 0.563332 0.643688 0.570215 0.648757 0.540685
0 0.655173 0.572140 0.694055 0.564063 0.675999 0.523341 0.637763 0.531956
0 0.701540 0.400842 0.713443 0.426798 0.661068 0.437984 0.650021 0.411454
0 0.613132 0.345600 0.644557 0.359869 0.671888 0.328392 0.639510 0.314410
0 0.359445 0.319608 0.395913 0.317382 0.398760 0.353992 0.361745 0.355889
0 0.354525 0.249152 0.386639 0.258919 0.363970 0.291539 0.330974 0.281677
0 0.769390 0.303163 0.776695 0.329050 0.724052 0.334550 0.717755 0.308473
0 0.568559 0.158512 0.601632 0.150184 0.618935 0.181352 0.584329 0.190258
0 0.556126 0.083705 0.590074 0.079088 0.599054 0.111658 0.564675 0.115966
