0 0.635985 0.591272 0.679301 0.600236 0.693740 0.553699 0.649410 0.545307
0 0.647131 0.499342 0.683861 0.479506 0.720084 0.518224 0.683607 0.536915
0 0.444566 0.563278 0.456901 0.595950 0.397428 0.608057 0.385974 0.575385
0 0.342581 0.525132 0.375842 0.544371 0.338837 0.581521 0.305356 0.561619
0 0.288836 0.505728 0.327823 0.517669 0.303594 0.559795 0.265047 0.547688
0 0.203987 0.510970 0.224674 0.538660 0.276580 0.514864 0.254937 0.486886
0 0.609375 0.565202 0.581795 0.538461 0.534064 0.567288 0.560889 0.593555
0 0.645641 0.453383 0.656176 0.485687 0.596225 0.495494 0.585499 0.463911
0 0.646408 0.410118 0.690078 0.404061 0.700613 0.449056 0.656942 0.454104
0 0.740453 0.365266 0.700804 0.379976 0.672457 0.339740 0.712297 0.325318
0 0.575134 0.361826 0.574634 0.393303 0.635093 0.393553 0.635760 0.361826
0 0.558611 0.454598 0.571428 0.423891 0.514041 0.411827 0.501515 0.442754
0 0.552739 0.462223 0.561233 0.493951 0.501773 0.503231 0.494112 0.471503
0 0.402673 0.473384 0.425158 0.446171 0.474791 0.470124 0.451640 0.496961
0 0.353861 0.478009 0.392147 0.464828 0.367967 0.424907 0.330311 0.438277
0 0.277633 0.424525 0.285499 0.455451 0.227529 0.465102 0.219955 0.434615
0 0.330360 0.493177 0.289577 0.486158 0.304142 0.442730 0.344925 0.450187
0 0.212819 0.363387 0.253458 0.360754 0.256123 0.404144 0.215151 0.406652
0 0.347516 0.395490 0.367020 0.367453 0.418442 0.388624 0.397164 0.416088
0 0.504567 0.403691 0.464038 0.412083 0.448586 0.369932 0.489369 0.361540
0 0.502287 0.358298 0.543830 0.350860 0.556749 0.394917 0.513433 0.402547
0 0.370175 0.364194 0.380667 0.333972 0.325038 0.325068 0.314878 0.355541
0 0.460447 0.347139 0.432299 0.371970 0.388629 0.343953 0.416443 0.319374
0 0.492382 0.544740 0.528695 0.527602 0.498677 0.489038 0.461561 0.506451
