0 0.276400 0.545791 0.284114 0.516203 0.229246 0.509300 0.221678 0.538997
0 0.365878 0.534622 0.340920 0.511873 0.299250 0.537901 0.324137 0.560584
0 0.361574 0.545722 0.375622 0.573260 0.427257 0.558300 0.413082 0.530380
0 0.482896 0.560985 0.489224 0.531445 0.543770 0.538306 0.537822 0.567751
0 0.457206 0.525919 0.469102 0.497808 0.416834 0.485135 0.404558 0.513340
0 0.398893 0.491919 0.363771 0.506304 0.337802 0.469992 0.372615 0.455877
0 0.286755 0.435336 0.290772 0.464195 0.235566 0.469304 0.232025 0.439999
0 0.338305 0.398538 0.351862 0.426515 0.299855 0.440802 0.286298 0.412826
0 0.381319 0.436596 0.414793 0.421222 0.385936 0.386177 0.352630 0.401678
0 0.497139 0.438991 0.457807 0.441763 0.462493 0.482720 0.501825 0.480073
0 0.588061 0.416072 0.552071 0.406102 0.533291 0.444536 0.569281 0.454506
0 0.525090 0.435966 0.486260 0.442141 0.474042 0.402697 0.512704 0.395262
0 0.405587 0.430169 0.429689 0.453735 0.473372 0.428027 0.448936 0.405344
0 0.531187 0.403897 0.512274 0.378315 0.559959 0.357737 0.579150 0.383794
0 0.439889 0.371544 0.441781 0.400912 0.496940 0.398721 0.494175 0.369353
0 0.348054 0.372311 0.375270 0.393242 0.414565 0.363983 0.385894 0.343382
0 0.313124 0.383270 0.330880 0.357079 0.281688 0.339437 0.264951 0.365408
0 0.250543 0.344916 0.247486 0.374284 0.193346 0.370448 0.196367 0.341719
0 0.548793 0.357974 0.538249 0.329872 0.590970 0.318782 0.602017 0.347137
0 0.540927 0.342096 0.517160 0.365158 0.473961 0.339918 0.498247 0.316262
0 0.473360 0.302880 0.434363 0.304014 0.434698 0.343836 0.474365 0.343458
0 0.540951 0.273051 0.502122 0.270405 0.496933 0.310857 0.536265 0.313503
0 0.255221 0.350171 0.202290 0.344374 0.208257 0.315389 0.261765 0.320896
0 0.234808 0.296106 0.198489 0.303667 0.186438 0.263971 0.223260 0.256914
0 0.357958 0.349809 0.395156 0.338016 0.373472 0.300541 0.336795 0.312154
0 0.366837 0.274171 0.364159 0.302903 0.309931 0.300257 0.312609 0.271020
0 0.370853 0.260435 0.407842 0.251235 0.391273 0.213555 0.354284 0.222377
