0 0.633367 0.527159 0.644692 0.560814 0.584234 0.571248 0.572524 0.538463
0 0.725495 0.539400 0.738631 0.508191 0.679042 0.491937 0.665364 0.523502
0 0.676247 0.484179 0.681428 0.451378 0.742673 0.458151 0.737404 0.490601
0 0.808146 0.448344 0.851653 0.444110 0.839981 0.398737 0.796854 0.403059
0 0.756820 0.351799 0.770846 0.382222 0.827980 0.369239 0.813825 0.338816
0 0.702259 0.351411 0.742794 0.341432 0.722977 0.299285 0.682011 0.308706
0 0.636017 0.344287 0.674520 0.329792 0.703932 0.370208 0.665843 0.384450
0 0.553562 0.346276 0.595326 0.337459 0.613470 0.380769 0.571778 0.390070
0 0.705088 0.296107 0.662257 0.296846 0.658657 0.253401 0.701080 0.252742
0 0.698449 0.214233 0.711144 0.243147 0.767676 0.232158 0.755124 0.202926
0 0.561263 0.221699 0.576087 0.251308 0.632132 0.236583 0.617148 0.207864
0 0.647116 0.453103 0.688955 0.442553 0.667841 0.399109 0.626488 0.409659
0 0.540248 0.407914 0.547822 0.440157 0.609198 0.432013 0.601042 0.399332
0 0.613436 0.446162 0.588138 0.472536 0.639123 0.499497 0.664113 0.472530
0 0.460996 0.385535 0.502162 0.375052 0.523265 0.418361 0.481702 0.428438
0 0.477385 0.353000 0.493400 0.382749 0.550545 0.366817 0.534192 0.337016
0 0.386252 0.343804 0.406935 0.372099 0.461576 0.351131 0.440001 0.322654
0 0.375249 0.439208 0.415777 0.425065 0.386685 0.383706 0.346640 0.398221
0 0.342439 0.343899 0.377659 0.323732 0.339071 0.288169 0.304880 0.307937
0 0.340028 0.228257 0.383805 0.234560 0.372247 0.278070 0.328605 0.272256
0 0.464892 0.283509 0.422865 0.274930 0.437960 0.232478 0.480579 0.240723
0 0.506623 0.333538 0.546985 0.323553 0.526453 0.281281 0.485610 0.291754
0 0.464690 0.463417 0.462932 0.430736 0.401104 0.431791 0.401935 0.464975
0 0.567930 0.313353 0.610486 0.318312 0.618085 0.274445 0.574769 0.270440
0 0.582114 0.255303 0.603089 0.282425 0.655631 0.262205 0.634031 0.234951
0 0.292458 0.464569 0.332037 0.448072 0.363737 0.489316 0.323551 0.506019
0 0.518494 0.493878 0.474438 0.489424 0.482016 0.443496 0.525713 0.448083
0 0.609078 0.510831 0.570159 0.526653 0.540859 0.485093 0.579800 0.469571
