0 0.668558 0.599091 0.625605 0.591794 0.638821 0.546683 0.682126 0.553816
0 0.569964 0.541023 0.597293 0.565204 0.551780 0.594366 0.524451 0.570185
0 0.635503 0.499246 0.670010 0.480281 0.706427 0.517846 0.671920 0.536811
0 0.632209 0.454935 0.642942 0.485031 0.584572 0.496080 0.573839 0.465242
0 0.633182 0.411247 0.676439 0.405228 0.687209 0.449105 0.643951 0.455124
0 0.686495 0.379390 0.724136 0.365972 0.696488 0.326343 0.657681 0.341267
0 0.561689 0.364008 0.561142 0.394105 0.620498 0.393940 0.620717 0.363761
0 0.487597 0.364115 0.525542 0.353646 0.545158 0.393955 0.506079 0.404360
0 0.491281 0.403841 0.452513 0.413792 0.435752 0.372753 0.475074 0.363701
0 0.430681 0.436370 0.484145 0.440633 0.476332 0.496173 0.422868 0.491910
0 0.538766 0.464093 0.548338 0.494153 0.492216 0.504284 0.482645 0.474224
0 0.521015 0.529254 0.533776 0.497204 0.589588 0.511792 0.575208 0.541620
0 0.545189 0.455421 0.556649 0.426310 0.500858 0.414457 0.490597 0.443237
0 0.334773 0.398298 0.353719 0.372242 0.403657 0.391207 0.384382 0.417758
0 0.365728 0.337572 0.356777 0.366611 0.301639 0.358365 0.310877 0.329039
0 0.313022 0.314432 0.329142 0.286932 0.380399 0.302104 0.364657 0.329319
0 0.403929 0.270665 0.410100 0.299397 0.466521 0.291621 0.460350 0.262889
0 0.469524 0.352753 0.505298 0.338576 0.478359 0.301391 0.443480 0.315494
0 0.418907 0.373273 0.444423 0.350185 0.401400 0.323228 0.375883 0.346316
0 0.491598 0.313178 0.518045 0.290799 0.560361 0.317350 0.533158 0.340488
0 0.415234 0.498665 0.454023 0.507673 0.435132 0.550629 0.394328 0.539819
0 0.432971 0.566143 0.445967 0.596991 0.387348 0.610029 0.375605 0.579844
0 0.330220 0.528891 0.362865 0.547200 0.326790 0.583665 0.294145 0.565356
0 0.276589 0.509955 0.314231 0.521492 0.291133 0.562744 0.252772 0.551464
0 0.212115 0.541778 0.191198 0.515227 0.241664 0.492547 0.262258 0.518626
0 0.317031 0.495622 0.277203 0.489297 0.291094 0.447499 0.331090 0.453808
0 0.378786 0.466469 0.342209 0.479744 0.317600 0.441305 0.354177 0.428030
0 0.263473 0.428342 0.271194 0.458010 0.215941 0.468826 0.207383 0.438739
0 0.198500 0.367643 0.239677 0.365004 0.242196 0.407716 0.200910 0.409778
0 0.471467 0.420640 0.473734 0.450984 0.414038 0.452122 0.413787 0.421683
0 0.360056 0.549469 0.375698 0.579784 0.431313 0.562009 0.416830 0.533548
