0 0.408536 0.597098 0.395656 0.569950 0.446553 0.555873 0.459974 0.583369
0 0.375318 0.536653 0.398671 0.558998 0.355143 0.584483 0.331922 0.561489
0 0.256785 0.560844 0.264764 0.532125 0.318279 0.539891 0.310495 0.568317
0 0.291572 0.371576 0.285686 0.398985 0.233222 0.392191 0.240021 0.365007
0 0.303130 0.347209 0.294890 0.373855 0.243021 0.365878 0.251517 0.338930
0 0.449123 0.281830 0.413546 0.289369 0.399471 0.252614 0.434914 0.245485
0 0.520628 0.234309 0.525327 0.261017 0.473364 0.266102 0.469126 0.239426
0 0.540915 0.302210 0.577629 0.305071 0.572220 0.344065 0.535415 0.340880
0 0.473704 0.333342 0.511359 0.333415 0.510678 0.372683 0.473778 0.372726
0 0.576703 0.373115 0.552966 0.394492 0.512657 0.369448 0.536265 0.348205
0 0.584492 0.388205 0.575294 0.361366 0.626015 0.351651 0.635507 0.378513
0 0.565243 0.431638 0.547971 0.406696 0.595240 0.389040 0.612360 0.413550
0 0.478969 0.428330 0.477702 0.400218 0.530459 0.398941 0.531641 0.426821
0 0.465205 0.479121 0.442928 0.456483 0.485497 0.433135 0.507582 0.455433
0 0.450838 0.447483 0.418506 0.461839 0.391944 0.427692 0.423938 0.413786
0 0.415089 0.419904 0.388352 0.398881 0.426006 0.372018 0.451974 0.391548
0 0.370989 0.386908 0.351396 0.412000 0.306820 0.392028 0.324712 0.367899
0 0.501973 0.524000 0.489610 0.551409 0.438791 0.538215 0.451291 0.511393
0 0.376791 0.424774 0.389007 0.451254 0.338392 0.464275 0.326232 0.437365
0 0.586495 0.435604 0.621575 0.445739 0.602459 0.482663 0.567652 0.472401
0 0.558345 0.463961 0.521367 0.469308 0.510841 0.430719 0.547789 0.424991
0 0.492861 0.469122 0.530628 0.467593 0.534200 0.506771 0.496757 0.508702
0 0.515190 0.586861 0.522205 0.558675 0.574939 0.565917 0.568708 0.594903
