0 0.704737 0.767030 0.747209 0.760509 0.761533 0.809417 0.720060 0.814684
0 0.480919 0.568842 0.520024 0.571351 0.515968 0.612680 0.476430 0.610172
0 0.440512 0.528167 0.475561 0.539944 0.452388 0.576912 0.417194 0.564371
0 0.729932 0.427849 0.767588 0.431926 0.762424 0.469098 0.724013 0.464546
0 0.378819 0.430313 0.400857 0.407998 0.444173 0.428787 0.422642 0.451675
0 0.419821 0.339215 0.429249 0.363378 0.380587 0.373345 0.370969 0.349253
0 0.334130 0.367375 0.361842 0.350597 0.394791 0.376697 0.367175 0.393905
0 0.550780 0.363665 0.503026 0.373280 0.512355 0.397759 0.560547 0.388066
0 0.408720 0.285246 0.407209 0.309047 0.357841 0.308952 0.359478 0.284488
0 0.429500 0.280031 0.432271 0.256609 0.481387 0.258221 0.478869 0.282212
0 0.685986 0.371843 0.681206 0.397142 0.629936 0.390490 0.635005 0.365845
