0 0.797401 0.841177 0.761073 0.796433 0.725549 0.813379 0.759911 0.856626
0 0.645037 0.730700 0.674683 0.708754 0.715989 0.741736 0.686509 0.764435
0 0.480346 0.555414 0.518347 0.556981 0.514952 0.597961 0.475527 0.595735
0 0.376752 0.459381 0.396027 0.437283 0.439503 0.456413 0.419572 0.479501
0 0.326436 0.395007 0.353595 0.376784 0.387763 0.402841 0.361261 0.421064
0 0.411965 0.363509 0.422588 0.387009 0.374183 0.398718 0.363780 0.373981
0 0.546436 0.388879 0.566083 0.410783 0.522004 0.429653 0.502861 0.407559
0 0.771159 0.494921 0.739838 0.462681 0.708737 0.477111 0.740057 0.509351
0 0.560382 0.318245 0.572041 0.340818 0.523740 0.352607 0.513414 0.328905
0 0.615187 0.338900 0.624047 0.315831 0.672903 0.325433 0.664209 0.348876
0 0.557995 0.279649 0.527157 0.268111 0.551674 0.240566 0.581746 0.250805
0 0.636573 0.370713 0.664525 0.386743 0.697981 0.358936 0.669594 0.343560
0 0.642320 0.395435 0.674472 0.384094 0.701845 0.411683 0.670707 0.426077
0 0.421390 0.299572 0.472240 0.300528 0.473933 0.275492 0.423590 0.274600
