0 0.347935 0.452468 0.290709 0.459360 0.295661 0.488751 0.353178 0.482079
0 0.440315 0.364942 0.428954 0.391701 0.484011 0.403545 0.494498 0.375251
0 0.473524 0.424163 0.496459 0.462198 0.533053 0.449688 0.510118 0.411653
0 0.351467 0.381612 0.352341 0.410783 0.408563 0.409029 0.406846 0.380671
0 0.411121 0.416331 0.465076 0.425259 0.456683 0.454014 0.402728 0.445085
0 0.360706 0.418587 0.416850 0.419023 0.416444 0.448639 0.360301 0.448203
0 0.406183 0.452623 0.446459 0.454149 0.442913 0.496109 0.402286 0.494512
0 0.367173 0.500877 0.426954 0.494201 0.433308 0.526460 0.372746 0.533682
0 0.561124 0.468286 0.600332 0.465301 0.608042 0.506763 0.567072 0.509914
0 0.470594 0.476579 0.507599 0.464306 0.530786 0.503074 0.493311 0.514918
0 0.288651 0.511507 0.325647 0.496592 0.352155 0.533879 0.314635 0.549101
0 0.356132 0.563076 0.393812 0.579063 0.363516 0.618982 0.326164 0.603120
0 0.454404 0.571605 0.466347 0.602312 0.408960 0.615472 0.397410 0.584173
0 0.462799 0.516395 0.509414 0.542792 0.484223 0.568013 0.437607 0.541616
0 0.509728 0.541258 0.551371 0.537374 0.558741 0.582166 0.517098 0.586051
