0 0.623108 0.586024 0.667678 0.594359 0.681369 0.548298 0.637382 0.540402
0 0.633595 0.493684 0.670591 0.474821 0.708170 0.512327 0.670882 0.531629
0 0.598351 0.560467 0.570233 0.534719 0.522611 0.563137 0.549462 0.589076
0 0.432686 0.559894 0.444592 0.591937 0.385318 0.605287 0.374172 0.573055
0 0.328830 0.522321 0.363533 0.541585 0.325790 0.578586 0.291593 0.559132
0 0.480562 0.541013 0.517798 0.523656 0.486135 0.485130 0.448645 0.502104
0 0.539836 0.457856 0.548955 0.489516 0.489994 0.499144 0.480875 0.467483
0 0.518052 0.521177 0.531730 0.491042 0.590498 0.505919 0.576059 0.537198
0 0.632553 0.449051 0.643662 0.480346 0.583136 0.491018 0.573176 0.459579
0 0.430630 0.556509 0.416698 0.526183 0.358944 0.543730 0.374396 0.574056
0 0.414165 0.491471 0.454948 0.501961 0.434683 0.545447 0.393394 0.534957
0 0.275041 0.502896 0.314307 0.515298 0.289790 0.557554 0.250333 0.545440
0 0.239785 0.484731 0.262003 0.512564 0.209918 0.536642 0.188466 0.508664
0 0.275041 0.483715 0.316988 0.490493 0.330971 0.447372 0.289407 0.440738
0 0.340164 0.474629 0.379813 0.461217 0.353764 0.420836 0.316222 0.435258
0 0.262783 0.421557 0.270828 0.452420 0.213558 0.462948 0.204938 0.431797
0 0.389021 0.470047 0.411489 0.443843 0.462591 0.465901 0.439683 0.493100
0 0.546180 0.450318 0.558438 0.419456 0.500785 0.408351 0.488718 0.438781
0 0.452326 0.455510 0.415742 0.440079 0.443324 0.401429 0.481057 0.415995
0 0.353684 0.363788 0.332232 0.391766 0.383511 0.412387 0.404581 0.384698
0 0.492932 0.397967 0.452901 0.408207 0.433939 0.366817 0.474353 0.356289
0 0.418999 0.367393 0.446197 0.343598 0.400802 0.316341 0.374179 0.340713
0 0.196190 0.360146 0.238102 0.357252 0.240934 0.401144 0.199188 0.403788
0 0.633190 0.405419 0.677327 0.399525 0.687154 0.443793 0.643849 0.449060
0 0.725613 0.360526 0.686074 0.374375 0.657832 0.335335 0.697516 0.320614
0 0.560983 0.389191 0.561941 0.357030 0.621509 0.357319 0.621318 0.388902
0 0.486092 0.356598 0.526889 0.346791 0.546043 0.388758 0.505245 0.399142
0 0.366052 0.330059 0.356059 0.360658 0.300096 0.352131 0.309757 0.321908
0 0.311422 0.307361 0.328244 0.279270 0.381209 0.295196 0.363720 0.323538
0 0.403027 0.263594 0.410023 0.293441 0.467651 0.285666 0.460322 0.255317
0 0.468550 0.347160 0.506040 0.332284 0.478936 0.294138 0.441193 0.308824
0 0.490841 0.306536 0.518705 0.283267 0.562781 0.311876 0.534410 0.334954
