0 0.344366 0.309510 0.383286 0.314639 0.372972 0.354566 0.334052 0.349584
0 0.377089 0.397224 0.346206 0.415337 0.312303 0.383153 0.342849 0.365208
0 0.482670 0.357068 0.443551 0.360459 0.437632 0.319766 0.476622 0.316375
0 0.532094 0.396059 0.494730 0.405876 0.476120 0.367025 0.512642 0.357479
0 0.589403 0.390312 0.551218 0.385921 0.558379 0.345734 0.597431 0.349525
0 0.467370 0.423847 0.482546 0.451570 0.534364 0.435519 0.519163 0.408201
0 0.453791 0.455255 0.490363 0.443937 0.511963 0.482420 0.474233 0.493742
0 0.538097 0.416931 0.576210 0.408809 0.592100 0.448507 0.554188 0.456704
0 0.614778 0.414990 0.649393 0.401523 0.676170 0.437355 0.641415 0.451130
0 0.674914 0.420271 0.713518 0.411067 0.695374 0.371827 0.657829 0.381390
0 0.638969 0.370952 0.679243 0.368914 0.675521 0.328333 0.636222 0.329681
0 0.673909 0.292908 0.684651 0.319342 0.738463 0.308767 0.726716 0.281203
0 0.545993 0.300940 0.559869 0.327570 0.611565 0.314064 0.597858 0.287690
0 0.584003 0.356682 0.565241 0.331315 0.613583 0.312553 0.633683 0.337325
0 0.726915 0.421254 0.739740 0.449431 0.793720 0.436814 0.779689 0.408637
0 0.815121 0.507571 0.774255 0.511559 0.764814 0.468929 0.805107 0.464343
0 0.649791 0.544398 0.655832 0.514010 0.712463 0.520516 0.707514 0.550813
0 0.662186 0.505245 0.623917 0.515313 0.604558 0.475325 0.642346 0.465438
0 0.526645 0.476580 0.534013 0.505825 0.590037 0.498120 0.582118 0.468869
0 0.411253 0.489339 0.374376 0.502966 0.348576 0.465724 0.385211 0.451813
0 0.385420 0.415121 0.404122 0.440988 0.453021 0.421779 0.434222 0.396166
0 0.609575 0.584699 0.620635 0.615130 0.564144 0.625109 0.553939 0.594748
0 0.708239 0.567574 0.695707 0.596659 0.640445 0.581524 0.653138 0.552475
0 0.568424 0.533495 0.591469 0.509340 0.638247 0.534001 0.615532 0.558939
0 0.524642 0.544861 0.551666 0.583130 0.587879 0.569434 0.560952 0.530563
0 0.350329 0.452096 0.312111 0.462463 0.293316 0.423737 0.330750 0.413260
0 0.298798 0.526549 0.334492 0.511240 0.362747 0.548365 0.326330 0.563383
0 0.397489 0.495299 0.398281 0.525957 0.454674 0.524966 0.454010 0.494599
0 0.520758 0.562152 0.466754 0.546562 0.452122 0.575380 0.505670 0.590471
0 0.454403 0.527594 0.489728 0.541871 0.516117 0.504855 0.480793 0.490578
