0 0.665152 0.585348 0.622420 0.577056 0.634975 0.532608 0.679029 0.540735
0 0.569115 0.528296 0.595547 0.551847 0.548410 0.580041 0.521317 0.554832
0 0.519103 0.513556 0.532414 0.482911 0.589087 0.497894 0.576576 0.527708
0 0.537595 0.450249 0.547081 0.481137 0.488989 0.491252 0.479503 0.460364
0 0.630070 0.441284 0.640523 0.472103 0.582235 0.483057 0.571634 0.451620
0 0.632718 0.485801 0.667861 0.466865 0.704022 0.503970 0.668550 0.523500
0 0.631555 0.396583 0.674914 0.392025 0.685240 0.435416 0.641038 0.440537
0 0.722747 0.352039 0.694766 0.312787 0.655959 0.327334 0.684273 0.365959
0 0.559763 0.380580 0.559908 0.348847 0.619616 0.349001 0.619471 0.380734
0 0.484581 0.349030 0.523786 0.339135 0.543279 0.380116 0.502819 0.390000
0 0.544004 0.441966 0.555842 0.412191 0.499421 0.400148 0.486953 0.430492
0 0.433997 0.464828 0.475418 0.468754 0.468061 0.512766 0.425307 0.509538
0 0.387454 0.462020 0.409178 0.435085 0.460144 0.458389 0.438419 0.485324
0 0.404504 0.486522 0.442312 0.498059 0.428488 0.538942 0.385517 0.529035
0 0.327265 0.514754 0.361017 0.534193 0.323861 0.570767 0.290109 0.551328
0 0.272427 0.495963 0.311216 0.507342 0.288106 0.549473 0.248750 0.537686
0 0.313616 0.482165 0.272310 0.475393 0.286984 0.432811 0.328027 0.439981
0 0.376267 0.453370 0.351867 0.413143 0.313610 0.426299 0.338011 0.466526
0 0.450080 0.446788 0.413583 0.432830 0.441825 0.392918 0.478757 0.408185
0 0.490800 0.389277 0.452854 0.399745 0.431274 0.358416 0.472117 0.347729
0 0.442933 0.335348 0.398854 0.308892 0.371651 0.332598 0.416360 0.358770
0 0.330608 0.383131 0.349373 0.356959 0.401008 0.376968 0.380731 0.403898
0 0.259126 0.413986 0.267983 0.444101 0.212274 0.454354 0.203499 0.423260
0 0.193125 0.352496 0.234691 0.349552 0.237368 0.392909 0.195100 0.395403
0 0.362685 0.322301 0.353595 0.352151 0.296977 0.343658 0.306614 0.313231
0 0.308538 0.298434 0.324784 0.270745 0.377426 0.286486 0.360101 0.315586
0 0.407078 0.284227 0.464340 0.277247 0.457917 0.247377 0.400655 0.254357
0 0.503264 0.323418 0.467234 0.338590 0.439420 0.301144 0.475450 0.285972
0 0.488502 0.298577 0.516335 0.275534 0.559532 0.303223 0.530336 0.327224
