0 0.394826 0.576060 0.354328 0.573492 0.348500 0.616974 0.389323 0.619396
0 0.570683 0.615025 0.559697 0.644549 0.505986 0.633218 0.516972 0.603695
0 0.607032 0.581319 0.573507 0.597302 0.604385 0.634341 0.637524 0.617580
0 0.675141 0.598237 0.636478 0.608696 0.657734 0.649275 0.695727 0.639445
0 0.755030 0.565517 0.755409 0.596200 0.698206 0.595438 0.698079 0.564850
0 0.657455 0.601822 0.624424 0.584575 0.654852 0.549239 0.689474 0.566375
0 0.706179 0.545983 0.702256 0.515300 0.645685 0.519492 0.649482 0.549604
0 0.607972 0.524829 0.568360 0.529402 0.576459 0.570949 0.616704 0.567232
0 0.515142 0.566823 0.527798 0.596267 0.581648 0.583146 0.568993 0.553701
0 0.520460 0.574500 0.513879 0.544484 0.458889 0.551319 0.465470 0.581335
0 0.525642 0.503545 0.496399 0.524467 0.534224 0.555216 0.563645 0.535180
0 0.772356 0.490594 0.756509 0.462421 0.808122 0.446429 0.824674 0.473910
0 0.754566 0.420880 0.714178 0.417400 0.708691 0.459053 0.749079 0.462450
0 0.672212 0.444689 0.640408 0.462587 0.674523 0.496145 0.705887 0.477833
0 0.598983 0.454928 0.573095 0.478012 0.616811 0.504975 0.642232 0.481609
0 0.515280 0.485517 0.538610 0.509547 0.583400 0.484893 0.560070 0.460864
0 0.400370 0.550842 0.439666 0.557855 0.452613 0.516384 0.413609 0.509480
0 0.420454 0.478189 0.442431 0.503393 0.488421 0.480381 0.466590 0.455834
0 0.382905 0.482463 0.411795 0.461472 0.372734 0.430995 0.343844 0.451986
0 0.731429 0.356942 0.746869 0.384385 0.798757 0.368186 0.783317 0.340743
0 0.595500 0.435821 0.631685 0.448574 0.655312 0.410569 0.619127 0.397816
0 0.629958 0.390000 0.669721 0.386478 0.663286 0.345295 0.623523 0.348817
0 0.630590 0.381935 0.591743 0.388232 0.580307 0.348240 0.619154 0.341942
0 0.562065 0.449749 0.525529 0.462443 0.502084 0.425048 0.538716 0.412066
0 0.448455 0.420378 0.487941 0.423046 0.492117 0.381215 0.452125 0.378642
0 0.406057 0.378577 0.366822 0.375839 0.361654 0.417125 0.401463 0.419935
