0 0.393136 0.363181 0.413873 0.391134 0.466885 0.370232 0.446149 0.342153
0 0.512142 0.352614 0.552100 0.342046 0.531489 0.301391 0.491404 0.311293
0 0.559962 0.364494 0.599371 0.355625 0.618421 0.397780 0.577038 0.407509
0 0.484345 0.372585 0.499614 0.400943 0.555164 0.384848 0.538441 0.355833
0 0.468248 0.404709 0.507056 0.394221 0.528869 0.435171 0.488152 0.446121
0 0.549108 0.429363 0.557355 0.459665 0.616978 0.450959 0.608253 0.420492
0 0.694968 0.458312 0.655009 0.469547 0.633512 0.427178 0.672080 0.416514
0 0.596044 0.489845 0.620183 0.464443 0.670062 0.489517 0.646131 0.515696
0 0.548739 0.502519 0.586111 0.487409 0.615050 0.527374 0.578113 0.542921
0 0.482694 0.482725 0.523266 0.474513 0.538952 0.518449 0.498544 0.526850
0 0.640400 0.545173 0.652132 0.575582 0.592242 0.587926 0.581466 0.555969
0 0.746289 0.524780 0.733011 0.555819 0.673453 0.539919 0.687109 0.509547
0 0.688495 0.468537 0.683370 0.500533 0.744506 0.506908 0.749234 0.474868
0 0.816419 0.463410 0.858736 0.458702 0.845648 0.414905 0.804785 0.419613
0 0.762583 0.368423 0.776877 0.396986 0.832714 0.384351 0.818085 0.354762
0 0.642616 0.362101 0.678402 0.347724 0.708245 0.386094 0.671574 0.400471
0 0.746923 0.357011 0.707623 0.367210 0.687555 0.326288 0.726613 0.316856
0 0.708025 0.312900 0.666581 0.314323 0.662888 0.272048 0.703869 0.270730
0 0.702225 0.233388 0.713863 0.261340 0.770602 0.249666 0.757077 0.221434
0 0.573713 0.331182 0.614541 0.334998 0.621114 0.293134 0.580187 0.289300
0 0.565436 0.242385 0.580610 0.270472 0.634605 0.255524 0.620063 0.227722
0 0.428354 0.295200 0.470235 0.303411 0.485227 0.261090 0.443821 0.253265
0 0.347707 0.251396 0.389588 0.256323 0.378827 0.298368 0.336946 0.293331
0 0.293834 0.373084 0.333883 0.361936 0.354823 0.402828 0.314088 0.414328
0 0.350924 0.363027 0.383548 0.344080 0.346645 0.310149 0.313139 0.329117
0 0.383157 0.457215 0.421786 0.442888 0.393866 0.403148 0.355429 0.417475
