0 0.458045 0.541322 0.495418 0.543293 0.490764 0.584134 0.452083 0.581506
0 0.356968 0.444945 0.378207 0.422910 0.420684 0.443182 0.400281 0.465847
0 0.310648 0.380434 0.337987 0.363135 0.370997 0.389303 0.343949 0.406712
0 0.395819 0.351253 0.406441 0.374484 0.357758 0.385338 0.348274 0.361440
0 0.528590 0.378525 0.546948 0.400051 0.503820 0.418349 0.484607 0.396380
0 0.544313 0.310038 0.554873 0.332951 0.507314 0.342529 0.496921 0.319992
0 0.542818 0.275072 0.513560 0.263409 0.537846 0.235836 0.567296 0.247355
0 0.408421 0.288928 0.457243 0.290418 0.459222 0.267402 0.411170 0.265746
0 0.567246 0.379499 0.597468 0.366265 0.624782 0.396351 0.593928 0.408824
0 0.711987 0.416853 0.682144 0.386576 0.652302 0.400286 0.682650 0.431706
0 0.746380 0.486280 0.716107 0.453509 0.685099 0.467335 0.715482 0.500272
0 0.592731 0.329051 0.605266 0.308104 0.651668 0.320606 0.639243 0.343788
0 0.655584 0.342480 0.666962 0.364798 0.619059 0.374877 0.608254 0.350544
0 0.765672 0.828314 0.726247 0.845546 0.694322 0.800657 0.730286 0.784149
