0 0.641324 0.355549 0.638827 0.393478 0.598215 0.386267 0.602776 0.347473
0 0.596131 0.441979 0.599415 0.481127 0.639647 0.473930 0.636732 0.435385
0 0.557602 0.393895 0.537773 0.363923 0.567894 0.327680 0.587629 0.357402
0 0.514857 0.421876 0.539506 0.401829 0.560920 0.448657 0.535924 0.468948
0 0.461396 0.414765 0.468539 0.377252 0.508854 0.393064 0.501136 0.431341
0 0.447398 0.329064 0.443337 0.369194 0.400170 0.361490 0.404230 0.321360
0 0.472193 0.490428 0.441977 0.495553 0.436558 0.441138 0.466674 0.435536
0 0.492361 0.475883 0.511364 0.504726 0.480375 0.540581 0.460855 0.510459
0 0.506192 0.518104 0.529987 0.496409 0.552861 0.540663 0.529067 0.562358
0 0.534619 0.555261 0.557313 0.579159 0.530875 0.621470 0.509342 0.596063
0 0.563396 0.614212 0.575954 0.579350 0.611192 0.602735 0.598687 0.637743
0 0.620926 0.618534 0.626070 0.655872 0.664332 0.646276 0.659652 0.608327
0 0.623063 0.578938 0.628092 0.617197 0.666026 0.607055 0.661075 0.570125
0 0.562421 0.498306 0.566133 0.536995 0.605688 0.528555 0.602393 0.491540
0 0.623069 0.729638 0.649130 0.715793 0.663355 0.766125 0.638114 0.779592
0 0.587357 0.735416 0.591522 0.696889 0.551408 0.690375 0.547397 0.727796
0 0.549018 0.621118 0.566014 0.651433 0.532925 0.685565 0.515682 0.653505
0 0.485690 0.546480 0.488358 0.585328 0.446515 0.590757 0.443790 0.552221
0 0.420058 0.502052 0.449699 0.492238 0.460372 0.545563 0.429999 0.555925
0 0.400166 0.544827 0.369857 0.532537 0.382308 0.478371 0.412618 0.490661
0 0.495035 0.678398 0.465833 0.679916 0.464255 0.626336 0.493457 0.624818
