0 0.348847 0.536442 0.373049 0.557799 0.331653 0.585009 0.306466 0.562581
0 0.475760 0.522075 0.464370 0.549698 0.412266 0.537416 0.424226 0.509601
0 0.496262 0.555302 0.489886 0.584232 0.544539 0.591776 0.549921 0.561786
0 0.372721 0.530375 0.406473 0.516530 0.381612 0.481263 0.347548 0.495582
0 0.226410 0.484272 0.238347 0.511318 0.290256 0.497465 0.277990 0.470502
0 0.283650 0.429089 0.295661 0.455446 0.346790 0.442410 0.334601 0.416167
0 0.415189 0.456387 0.437674 0.478458 0.480279 0.454617 0.457233 0.431959
0 0.467525 0.466838 0.505416 0.466261 0.506840 0.506417 0.468532 0.507043
0 0.557326 0.433121 0.592479 0.443098 0.573391 0.480235 0.537832 0.470474
0 0.535392 0.430528 0.517404 0.406074 0.563686 0.387660 0.581093 0.411468
0 0.442712 0.402897 0.448425 0.429928 0.500611 0.423475 0.494802 0.396587
0 0.385282 0.420487 0.359437 0.402182 0.396020 0.374180 0.422626 0.393277
0 0.334904 0.401903 0.353314 0.378171 0.309083 0.360117 0.290369 0.383310
0 0.353117 0.350949 0.372908 0.374143 0.415554 0.353132 0.396508 0.330686
0 0.330189 0.294018 0.323180 0.319992 0.372679 0.326176 0.380017 0.300697
0 0.382353 0.294722 0.416482 0.286661 0.401540 0.252430 0.367433 0.260154
0 0.443586 0.336133 0.479649 0.335697 0.480519 0.373162 0.443842 0.373435
0 0.522623 0.393152 0.545183 0.372373 0.504663 0.349285 0.481118 0.369817
0 0.543472 0.361086 0.553632 0.386418 0.603013 0.376748 0.592610 0.350774
0 0.507471 0.304229 0.544113 0.306737 0.539949 0.344484 0.502833 0.341941
0 0.244951 0.451842 0.267620 0.474517 0.225362 0.498467 0.202022 0.475507
0 0.275677 0.346265 0.280167 0.372568 0.227491 0.377021 0.224644 0.351212
0 0.271113 0.373421 0.274425 0.400106 0.222422 0.404782 0.218916 0.378162
