0 0.799241 0.793866 0.760914 0.751906 0.725231 0.771144 0.762676 0.813104
0 0.641299 0.695399 0.669659 0.671646 0.714446 0.703264 0.686749 0.727680
0 0.475907 0.578573 0.516130 0.578284 0.516896 0.621549 0.475523 0.622271
0 0.428405 0.539346 0.408868 0.579150 0.446793 0.588956 0.466138 0.549008
0 0.352705 0.441540 0.370767 0.415833 0.418565 0.434574 0.399402 0.459783
0 0.381119 0.340372 0.394556 0.365581 0.345116 0.380323 0.331118 0.354967
0 0.295215 0.377025 0.322528 0.356957 0.360634 0.382995 0.333762 0.403229
0 0.383486 0.275431 0.435284 0.274302 0.434951 0.248469 0.383319 0.249973
0 0.361834 0.283332 0.363666 0.309291 0.311701 0.312677 0.310535 0.286216
0 0.520137 0.250584 0.542374 0.218646 0.510221 0.207632 0.486215 0.238809
0 0.713983 0.410828 0.753248 0.412415 0.751907 0.452219 0.712067 0.450344
0 0.580671 0.307643 0.631797 0.315604 0.639907 0.290414 0.588782 0.282453
0 0.650087 0.319824 0.652405 0.345232 0.598444 0.348022 0.596127 0.322614
