0 0.373969 0.572698 0.359241 0.543587 0.412035 0.527477 0.427527 0.556693
0 0.337148 0.508301 0.363322 0.531848 0.318540 0.560069 0.292366 0.536522
0 0.214252 0.536502 0.271827 0.543308 0.278522 0.513693 0.222285 0.506384
0 0.397635 0.488636 0.371143 0.451170 0.334991 0.465662 0.361484 0.503128
0 0.470209 0.494418 0.416369 0.481330 0.403996 0.510185 0.457835 0.523274
0 0.484100 0.559539 0.540213 0.566639 0.546923 0.536577 0.490811 0.529476
0 0.458055 0.437265 0.498391 0.434745 0.503579 0.476457 0.463076 0.479356
0 0.554847 0.400710 0.535989 0.440092 0.573249 0.450206 0.592106 0.410824
0 0.527530 0.430816 0.488199 0.437300 0.475568 0.395942 0.515759 0.390034
0 0.430471 0.449063 0.405403 0.424878 0.449745 0.398823 0.474813 0.423008
0 0.281618 0.429936 0.224541 0.434795 0.229477 0.464811 0.286250 0.459879
0 0.335230 0.392244 0.281743 0.406768 0.295715 0.434821 0.349316 0.420416
0 0.414024 0.415717 0.379469 0.431544 0.349757 0.395558 0.384312 0.379483
0 0.244119 0.335968 0.188385 0.332062 0.184033 0.362054 0.240939 0.365961
0 0.256047 0.311164 0.249827 0.341210 0.193749 0.334628 0.199969 0.304583
0 0.326734 0.348712 0.276186 0.330965 0.257942 0.358059 0.309236 0.375807
0 0.345272 0.365057 0.373558 0.386355 0.413392 0.356110 0.384102 0.335065
0 0.442342 0.394983 0.499103 0.392463 0.496774 0.362218 0.440159 0.364191
0 0.532249 0.397472 0.582628 0.377435 0.564552 0.350719 0.514341 0.371008
0 0.552149 0.351238 0.541460 0.321985 0.595304 0.311217 0.606568 0.339899
0 0.544774 0.334886 0.500756 0.308372 0.475698 0.331955 0.519717 0.358470
0 0.504334 0.259714 0.499370 0.301898 0.539491 0.304574 0.544455 0.262391
0 0.434643 0.294029 0.435662 0.336109 0.475976 0.335780 0.475540 0.293810
0 0.393769 0.328907 0.370300 0.290369 0.333515 0.302191 0.355441 0.342140
0 0.364809 0.263080 0.308740 0.259678 0.305602 0.290350 0.362131 0.293199
0 0.227788 0.285144 0.215402 0.244313 0.176573 0.251496 0.189125 0.292453
0 0.407041 0.239399 0.389726 0.200115 0.351398 0.209692 0.368713 0.248976
0 0.482052 0.187284 0.426540 0.193084 0.432122 0.223373 0.487633 0.217573
