0 0.366488 0.376374 0.405797 0.378865 0.400640 0.419598 0.361763 0.417086
0 0.487094 0.422882 0.448408 0.420170 0.452106 0.379363 0.491221 0.382220
0 0.410519 0.461656 0.382107 0.481876 0.344549 0.452571 0.372377 0.432424
0 0.441473 0.503249 0.420516 0.478967 0.465811 0.456615 0.487229 0.480742
0 0.561461 0.450157 0.526277 0.462320 0.503686 0.425639 0.538558 0.413237
0 0.630936 0.448323 0.595821 0.436047 0.618375 0.399561 0.653430 0.411213
0 0.668835 0.386445 0.630296 0.389806 0.624161 0.349638 0.662442 0.346116
0 0.630112 0.382261 0.591873 0.388489 0.580586 0.348634 0.618436 0.342847
0 0.746513 0.384261 0.731693 0.357453 0.782370 0.341769 0.797690 0.368542
0 0.714433 0.418688 0.753840 0.421692 0.748467 0.462124 0.709179 0.458982
0 0.772412 0.490252 0.756455 0.462852 0.808121 0.447027 0.823495 0.474574
0 0.639453 0.463709 0.671120 0.445399 0.705348 0.478378 0.673598 0.495663
0 0.573151 0.478197 0.598229 0.455653 0.640834 0.482110 0.615759 0.504315
0 0.538272 0.509420 0.515342 0.485999 0.558892 0.461700 0.581839 0.485144
0 0.496281 0.524284 0.525107 0.504905 0.561978 0.535846 0.533123 0.555240
0 0.438338 0.557734 0.400352 0.550799 0.413233 0.510376 0.451251 0.517321
0 0.354019 0.574383 0.393329 0.576804 0.387863 0.618722 0.348773 0.616747
0 0.512505 0.544672 0.519494 0.574253 0.465462 0.581077 0.458848 0.552003
0 0.569405 0.615224 0.558914 0.644592 0.505863 0.632508 0.516482 0.603940
0 0.573102 0.598169 0.605925 0.582210 0.636490 0.617901 0.603413 0.633888
0 0.568418 0.529860 0.607061 0.525861 0.614931 0.567351 0.575825 0.570962
0 0.527322 0.595892 0.516258 0.567642 0.568865 0.555288 0.580881 0.584128
