0 0.003517 0.220537 0.012196 0.186325 0.077715 0.192860 0.069206 0.226431
0 0.416517 0.157528 0.371930 0.146636 0.350658 0.192380 0.394904 0.203528
0 0.388309 0.283585 0.347408 0.301932 0.313430 0.260393 0.353762 0.242198
0 0.520335 0.316474 0.473294 0.310378 0.484426 0.261679 0.531467 0.267775
0 0.531793 0.349696 0.513449 0.383303 0.576997 0.401536 0.595135 0.368055
0 0.668708 0.448145 0.628900 0.427198 0.667697 0.385946 0.708208 0.406450
0 0.716519 0.398460 0.723982 0.362999 0.656425 0.354860 0.648061 0.389740
0 0.447648 0.484664 0.492017 0.498657 0.518372 0.451449 0.474188 0.437838
0 0.448586 0.521366 0.430002 0.555945 0.366349 0.536414 0.385302 0.502395
0 0.517122 0.569507 0.556626 0.591694 0.597032 0.548579 0.556884 0.527069
0 0.737621 0.529962 0.766774 0.560938 0.709357 0.590910 0.680204 0.559378
0 0.653154 0.632181 0.602781 0.636025 0.611856 0.690975 0.662514 0.686638
0 0.486849 0.635752 0.475765 0.598038 0.406891 0.609567 0.417298 0.647217
0 0.392076 0.623016 0.352251 0.600459 0.396186 0.557603 0.434961 0.580178
0 0.144409 0.505328 0.163795 0.471233 0.226836 0.490843 0.207302 0.525384
0 0.016208 0.467938 0.055713 0.445072 0.096984 0.485496 0.057479 0.508362
