0 0.430074 0.523668 0.390649 0.526999 0.385985 0.486040 0.424881 0.483992
0 0.438069 0.455852 0.401063 0.468321 0.378869 0.431550 0.413987 0.419966
0 0.377437 0.439252 0.338611 0.445602 0.327704 0.406842 0.366095 0.401148
0 0.355184 0.444556 0.384801 0.462946 0.346337 0.493934 0.317874 0.475255
0 0.259480 0.440363 0.250881 0.471021 0.308258 0.477034 0.313695 0.446566
0 0.295522 0.494696 0.293341 0.522726 0.348891 0.524478 0.350490 0.496010
0 0.459557 0.414028 0.443833 0.439279 0.493281 0.455341 0.508488 0.429510
0 0.500273 0.533328 0.468505 0.550605 0.437233 0.516985 0.468787 0.500956
0 0.487630 0.481731 0.487918 0.510678 0.541555 0.511300 0.542333 0.481988
0 0.563955 0.506715 0.601909 0.517007 0.583010 0.556518 0.545056 0.546226
0 0.650037 0.498374 0.611078 0.492395 0.621667 0.452992 0.659858 0.458321
0 0.223576 0.573422 0.214724 0.543811 0.159086 0.555141 0.166673 0.583895
0 0.255780 0.623898 0.214986 0.616943 0.231918 0.574918 0.270404 0.581922
0 0.343110 0.583636 0.306707 0.598951 0.279757 0.562214 0.314784 0.547171
0 0.413715 0.574848 0.383023 0.596014 0.346005 0.564363 0.375469 0.543892
0 0.347319 0.599644 0.381267 0.615437 0.350589 0.653439 0.316408 0.637517
0 0.419255 0.658768 0.458889 0.649828 0.442340 0.608235 0.404146 0.617215
0 0.553231 0.561401 0.572043 0.588626 0.521144 0.607298 0.503099 0.580067
0 0.579954 0.607660 0.611561 0.589150 0.647294 0.624444 0.615865 0.642724
0 0.537810 0.699784 0.498917 0.709116 0.480907 0.666174 0.519348 0.657034
0 0.290906 0.665525 0.332350 0.663226 0.335986 0.708227 0.293814 0.710746
0 0.333223 0.671438 0.372486 0.668920 0.377721 0.712935 0.336131 0.716001
