0 0.729734 0.730020 0.772538 0.724001 0.787695 0.772282 0.744390 0.777925
0 0.498387 0.532140 0.538227 0.534160 0.534971 0.576415 0.494364 0.574396
0 0.456823 0.490894 0.492641 0.502432 0.469464 0.540361 0.433072 0.528102
0 0.755882 0.382832 0.795145 0.386647 0.789319 0.425746 0.749802 0.421359
0 0.390071 0.390145 0.412538 0.366594 0.457473 0.387823 0.436327 0.411374
0 0.430601 0.293289 0.441614 0.319161 0.391172 0.330439 0.380599 0.304732
0 0.342273 0.323971 0.371348 0.306723 0.406371 0.333590 0.377516 0.352331
0 0.418926 0.236734 0.417605 0.262441 0.366502 0.262772 0.367383 0.237066
0 0.440132 0.230467 0.442918 0.205291 0.494593 0.207198 0.492060 0.232756
0 0.547535 0.200904 0.579959 0.214255 0.612129 0.177445 0.575677 0.162158
