0 0.698009 0.768959 0.738400 0.763367 0.751808 0.810238 0.710594 0.816508
0 0.475460 0.567838 0.512681 0.570237 0.508626 0.611240 0.470246 0.608841
0 0.434282 0.526242 0.467530 0.537906 0.445018 0.574287 0.410354 0.561991
0 0.374205 0.425800 0.394481 0.404645 0.436916 0.424819 0.416495 0.446629
0 0.329200 0.361353 0.356573 0.345213 0.388435 0.372039 0.360918 0.387415
0 0.414440 0.334507 0.423507 0.357739 0.375146 0.366748 0.366709 0.343231
0 0.726426 0.427847 0.762565 0.432218 0.757637 0.468663 0.718709 0.464028
0 0.551364 0.375824 0.566687 0.399331 0.520909 0.413609 0.506544 0.389380
0 0.403694 0.279451 0.402308 0.302399 0.353318 0.302209 0.355333 0.278503
0 0.427680 0.273304 0.475575 0.276606 0.477727 0.253514 0.430418 0.250793
