0 0.271575 0.477895 0.311209 0.461778 0.342481 0.502826 0.302346 0.519699
0 0.328777 0.413753 0.366237 0.398769 0.394833 0.439313 0.354865 0.452535
0 0.265229 0.367667 0.306702 0.356713 0.327606 0.398391 0.286133 0.409975
0 0.357178 0.338975 0.323139 0.358773 0.286422 0.323712 0.319665 0.304971
0 0.322373 0.246359 0.363672 0.251396 0.352766 0.293878 0.310449 0.288294
0 0.443526 0.298258 0.401216 0.288701 0.417773 0.247147 0.460083 0.256704
0 0.527047 0.337873 0.486084 0.348299 0.464544 0.306306 0.504738 0.296315
0 0.590127 0.332660 0.545702 0.328027 0.553779 0.285165 0.597243 0.289219
0 0.540934 0.237643 0.555828 0.266549 0.611293 0.252139 0.596576 0.223154
0 0.683793 0.310617 0.641722 0.311337 0.638758 0.268646 0.680064 0.267339
0 0.366921 0.358247 0.385996 0.386207 0.440425 0.366290 0.420587 0.338714
0 0.457720 0.368397 0.473489 0.397888 0.529558 0.380892 0.513789 0.351400
0 0.442410 0.401639 0.480008 0.390482 0.505442 0.431780 0.464604 0.444039
0 0.533790 0.362002 0.574362 0.352914 0.591522 0.394521 0.550513 0.403609
0 0.616707 0.359301 0.653754 0.344489 0.681904 0.383477 0.645279 0.398223
0 0.681767 0.364343 0.721568 0.355151 0.701835 0.314228 0.662535 0.323924
0 0.736586 0.366744 0.750881 0.395886 0.806856 0.383385 0.792610 0.353220
0 0.778175 0.417626 0.819328 0.413356 0.831543 0.457372 0.788790 0.462408
0 0.661624 0.466505 0.655428 0.497734 0.715872 0.504684 0.721436 0.473264
0 0.659362 0.507370 0.645578 0.537266 0.703746 0.553261 0.718541 0.522318
0 0.611579 0.542083 0.622776 0.573398 0.563411 0.584645 0.552927 0.552800
0 0.521068 0.500054 0.558268 0.484138 0.587407 0.524292 0.550367 0.539951
0 0.568233 0.486691 0.592983 0.461382 0.642484 0.487194 0.616489 0.513444
0 0.607291 0.424888 0.646546 0.414208 0.666359 0.456436 0.627764 0.466703
0 0.381185 0.445896 0.382070 0.478701 0.443536 0.477405 0.442018 0.445128
0 0.453410 0.456533 0.505887 0.460294 0.500071 0.516342 0.445960 0.512784
0 0.522507 0.426342 0.529698 0.456436 0.589901 0.448629 0.580871 0.417528
0 0.678580 0.229812 0.690650 0.257951 0.746927 0.247112 0.734130 0.217987
