0 0.450489 0.537105 0.488145 0.539192 0.482729 0.581104 0.443814 0.578165
0 0.710666 0.495930 0.742312 0.482260 0.712792 0.449013 0.680678 0.462668
0 0.678224 0.426603 0.708204 0.410927 0.678391 0.380328 0.648244 0.394248
0 0.562089 0.372221 0.592944 0.359135 0.620273 0.389953 0.589796 0.403608
0 0.522655 0.371458 0.541572 0.393889 0.496296 0.412460 0.478192 0.389669
0 0.539443 0.300996 0.550399 0.324702 0.500905 0.334754 0.490704 0.310763
0 0.590255 0.320995 0.604738 0.298750 0.650731 0.314452 0.636902 0.336274
0 0.652532 0.335110 0.664119 0.358664 0.614297 0.367715 0.604159 0.343834
0 0.388147 0.342481 0.398285 0.367453 0.348174 0.377485 0.338325 0.352622
0 0.300386 0.372582 0.328093 0.354854 0.361713 0.381817 0.333656 0.400152
0 0.347598 0.438764 0.368882 0.416196 0.412709 0.436868 0.391803 0.459910
0 0.400388 0.278452 0.450874 0.280925 0.452626 0.256683 0.403017 0.254292
0 0.537709 0.264958 0.563401 0.236795 0.533553 0.224373 0.507609 0.252347
0 0.678177 0.821572 0.644699 0.797995 0.681841 0.762380 0.715985 0.784702
0 0.755250 0.825948 0.720067 0.783254 0.683758 0.800548 0.719941 0.844132
