0 0.404962 0.268935 0.355631 0.267836 0.354074 0.292379 0.403795 0.292672
0 0.427961 0.262643 0.477182 0.265579 0.479536 0.241814 0.430774 0.239615
0 0.600679 0.190802 0.597620 0.213147 0.549871 0.209214 0.553697 0.186723
0 0.330449 0.352112 0.363133 0.378659 0.390671 0.362091 0.357986 0.335641
0 0.415892 0.323820 0.367766 0.333800 0.377159 0.357925 0.425801 0.348236
0 0.377068 0.416657 0.397992 0.395257 0.440177 0.415730 0.419588 0.437720
0 0.438175 0.516799 0.415141 0.553234 0.449559 0.565005 0.472328 0.528814
0 0.478977 0.558614 0.474870 0.599535 0.513498 0.601733 0.517605 0.560812
0 0.731087 0.415290 0.725493 0.451687 0.761971 0.456489 0.768013 0.419755
0 0.704905 0.757500 0.719398 0.805118 0.759875 0.799330 0.745452 0.751929
