0 0.657643 0.539322 0.669586 0.575001 0.607561 0.585734 0.595233 0.550925
0 0.750410 0.553988 0.763835 0.520993 0.702787 0.504399 0.688855 0.537395
0 0.698228 0.498868 0.703801 0.463584 0.767128 0.470641 0.761808 0.504209
0 0.831975 0.462630 0.876811 0.457862 0.864399 0.410943 0.819563 0.415521
0 0.779033 0.364406 0.793979 0.395304 0.852240 0.382143 0.836788 0.350292
0 0.724319 0.364978 0.765608 0.354679 0.745090 0.312147 0.703041 0.322064
0 0.658205 0.356967 0.696708 0.342472 0.727105 0.382716 0.688095 0.397402
0 0.575879 0.359828 0.617929 0.350864 0.636420 0.393968 0.594371 0.403505
0 0.727338 0.310162 0.684165 0.311820 0.679540 0.267704 0.722492 0.266046
0 0.718703 0.229129 0.731919 0.258650 0.789674 0.247305 0.776238 0.217618
0 0.653931 0.252329 0.638800 0.223486 0.582296 0.237475 0.598385 0.267328
0 0.670562 0.467100 0.712633 0.455822 0.690386 0.411375 0.648315 0.422652
0 0.564881 0.424276 0.572455 0.456519 0.633831 0.448375 0.625675 0.415694
0 0.635292 0.458123 0.611114 0.485321 0.662966 0.513835 0.688601 0.485979
0 0.484687 0.401096 0.524887 0.387058 0.551396 0.429390 0.510613 0.443647
0 0.500418 0.366441 0.516440 0.396929 0.574409 0.381575 0.557805 0.350649
0 0.410113 0.358325 0.430796 0.386620 0.485852 0.365344 0.464296 0.336830
0 0.399841 0.453794 0.439358 0.439108 0.411176 0.396118 0.371659 0.410804
