0 0.401787 0.334033 0.395470 0.308212 0.343641 0.315401 0.350105 0.340839
0 0.392831 0.369242 0.408351 0.393198 0.456208 0.376422 0.439550 0.353158
0 0.430843 0.442923 0.464608 0.429335 0.436082 0.396241 0.403482 0.410158
0 0.372716 0.467558 0.389367 0.442412 0.341616 0.425912 0.324104 0.450986
0 0.467385 0.461407 0.438132 0.443106 0.402329 0.472694 0.431001 0.491542
0 0.293905 0.500436 0.308247 0.473611 0.256581 0.460900 0.242754 0.487638
0 0.277961 0.528065 0.280951 0.499267 0.225075 0.497502 0.221225 0.527066
0 0.250669 0.590049 0.290735 0.581692 0.279486 0.541395 0.239172 0.548846
0 0.238313 0.560654 0.202161 0.577541 0.231618 0.613960 0.266884 0.596525
0 0.241898 0.622198 0.215701 0.648827 0.263147 0.674250 0.288034 0.647402
0 0.420644 0.631866 0.398317 0.606215 0.349043 0.631721 0.372282 0.658158
0 0.465990 0.661546 0.437856 0.638056 0.394220 0.668535 0.422449 0.692816
0 0.535231 0.641809 0.562821 0.666966 0.605947 0.638169 0.578578 0.613311
0 0.468854 0.600073 0.487083 0.628432 0.538520 0.609152 0.519955 0.581124
0 0.396135 0.598863 0.432341 0.613032 0.459193 0.575082 0.423867 0.560913
0 0.349120 0.568253 0.390460 0.569388 0.393807 0.528053 0.353973 0.526289
0 0.411004 0.550261 0.448593 0.539594 0.429483 0.501955 0.392149 0.511865
0 0.498580 0.561289 0.525668 0.538954 0.483829 0.511823 0.456882 0.533706
0 0.595600 0.563329 0.591607 0.533935 0.535982 0.536544 0.539446 0.566398
0 0.642228 0.515385 0.603733 0.507125 0.590645 0.547268 0.630795 0.554896
0 0.488945 0.437998 0.500531 0.411732 0.551788 0.423016 0.540832 0.449472
0 0.489171 0.475400 0.495216 0.503563 0.549496 0.497495 0.542822 0.469237
0 0.565617 0.479288 0.584382 0.504701 0.633246 0.486400 0.613977 0.460987
0 0.559551 0.394844 0.566213 0.421932 0.619677 0.415536 0.613015 0.388574
0 0.591530 0.434222 0.602522 0.462062 0.655320 0.451403 0.643328 0.424064
