0 0.281434 0.585245 0.322431 0.587129 0.316980 0.629315 0.275910 0.627540
0 0.485289 0.650113 0.494809 0.621190 0.441814 0.611301 0.432294 0.640225
0 0.667734 0.471395 0.684471 0.496928 0.732207 0.480271 0.717217 0.454629
0 0.528681 0.586750 0.496396 0.604630 0.528196 0.639285 0.559829 0.622021
0 0.594774 0.602771 0.557588 0.613271 0.579723 0.653269 0.616472 0.642019
0 0.673947 0.599289 0.671147 0.569199 0.615401 0.569774 0.617692 0.599673
0 0.578862 0.605880 0.545890 0.590002 0.574175 0.555472 0.607649 0.570847
0 0.440078 0.574337 0.451961 0.603322 0.504348 0.589838 0.492297 0.561861
0 0.622603 0.550917 0.617655 0.521658 0.563223 0.526151 0.568899 0.555410
0 0.490362 0.537346 0.528494 0.532963 0.537808 0.573180 0.498658 0.578001
0 0.365349 0.567793 0.326519 0.561870 0.339072 0.522048 0.377902 0.527845
0 0.437486 0.553553 0.444848 0.583285 0.391124 0.590350 0.384429 0.561492
0 0.457905 0.563256 0.486023 0.543597 0.449720 0.514160 0.421418 0.534650
0 0.438322 0.497600 0.461252 0.519149 0.503429 0.495079 0.479998 0.472900
0 0.517646 0.466510 0.494047 0.488942 0.535395 0.513136 0.559056 0.490930
0 0.586458 0.455466 0.556415 0.473115 0.590089 0.504022 0.620023 0.486455
0 0.625531 0.429156 0.664248 0.431735 0.660324 0.470613 0.622104 0.468803
0 0.346599 0.492397 0.367186 0.515207 0.412376 0.492901 0.389279 0.469462
0 0.308238 0.496586 0.336691 0.475793 0.298906 0.447174 0.270788 0.468220
0 0.293175 0.396400 0.330833 0.398417 0.326314 0.436475 0.288321 0.434458
0 0.380472 0.436433 0.418535 0.431560 0.408158 0.392368 0.370342 0.397609
0 0.449153 0.474935 0.482943 0.460949 0.457336 0.425874 0.423545 0.439860
0 0.545595 0.459287 0.512121 0.446559 0.534985 0.412005 0.568850 0.424614
0 0.546927 0.398575 0.509987 0.405529 0.497720 0.368583 0.534660 0.361629
0 0.572170 0.361941 0.536018 0.367990 0.547567 0.405291 0.583138 0.399102
