0 0.359778 0.448654 0.304810 0.441978 0.297211 0.470587 0.351926 0.477072
0 0.480100 0.401163 0.470837 0.428793 0.417326 0.418622 0.427159 0.391436
0 0.395701 0.403760 0.342645 0.398568 0.336663 0.426244 0.391290 0.431551
0 0.437310 0.452577 0.396356 0.427405 0.369703 0.448468 0.411979 0.473308
0 0.519266 0.473179 0.495477 0.437356 0.460234 0.448634 0.482701 0.484126
0 0.396576 0.476165 0.435343 0.477326 0.431599 0.517959 0.392171 0.516632
0 0.334460 0.478984 0.278953 0.486779 0.285120 0.515305 0.341509 0.507510
0 0.344740 0.553716 0.308028 0.570201 0.280274 0.534046 0.315517 0.517793
0 0.415624 0.522761 0.358969 0.526239 0.362281 0.556836 0.418937 0.553358
0 0.518167 0.523868 0.481602 0.535809 0.458474 0.498161 0.495259 0.486220
0 0.553410 0.526521 0.600988 0.506453 0.580503 0.481244 0.533145 0.500980
0 0.602970 0.577271 0.562441 0.570305 0.573013 0.529009 0.612882 0.534814
0 0.530155 0.611586 0.494560 0.594197 0.525699 0.558060 0.561294 0.575449
0 0.497461 0.563174 0.473011 0.588051 0.426975 0.562511 0.452526 0.538131
0 0.348402 0.585091 0.384917 0.599216 0.355102 0.638565 0.317917 0.623935
0 0.416742 0.648402 0.446557 0.608296 0.411382 0.593162 0.380897 0.631754
0 0.526287 0.632511 0.475876 0.608832 0.453096 0.636326 0.503507 0.660005
0 0.332657 0.704146 0.341634 0.670541 0.400327 0.678166 0.391952 0.711209
0 0.330982 0.668076 0.356777 0.643862 0.403018 0.671788 0.377223 0.696002
