0 0.643798 0.528890 0.698745 0.526587 0.695397 0.497438 0.641046 0.499392
0 0.583419 0.536217 0.600156 0.576762 0.637559 0.567667 0.620822 0.527998
0 0.523596 0.523304 0.550426 0.559133 0.583963 0.544649 0.557387 0.508915
0 0.457567 0.556144 0.511118 0.565911 0.520032 0.537076 0.466921 0.527308
0 0.425027 0.504336 0.421610 0.475177 0.475649 0.471175 0.479602 0.500840
0 0.359724 0.453833 0.385415 0.490138 0.420597 0.475940 0.394653 0.439730
0 0.454894 0.449830 0.489317 0.481181 0.519184 0.463171 0.485207 0.431227
0 0.522095 0.456215 0.559935 0.451546 0.569553 0.491377 0.531840 0.496141
0 0.604351 0.530394 0.573723 0.512499 0.605858 0.480112 0.637156 0.497881
0 0.654007 0.449379 0.599163 0.451506 0.600837 0.480616 0.656016 0.478742
0 0.514932 0.415631 0.482537 0.430814 0.453154 0.397256 0.485519 0.381061
0 0.404073 0.426671 0.451504 0.406619 0.431805 0.382009 0.385034 0.401233
0 0.346013 0.428513 0.311661 0.396854 0.280627 0.415580 0.314639 0.446484
0 0.311306 0.490404 0.351298 0.494787 0.342286 0.536108 0.302443 0.531905
0 0.372537 0.353263 0.323131 0.370796 0.340408 0.396648 0.389859 0.379204
0 0.534354 0.408589 0.560260 0.387549 0.599912 0.414931 0.573424 0.435861
0 0.599253 0.396832 0.629602 0.430163 0.661184 0.414274 0.631244 0.380536
0 0.723466 0.428916 0.774179 0.416062 0.760288 0.389094 0.709909 0.401696
0 0.673259 0.357859 0.664887 0.396815 0.703024 0.401357 0.711555 0.362333
0 0.593207 0.383482 0.559417 0.369665 0.583516 0.335162 0.617686 0.348217
0 0.485313 0.341830 0.504297 0.379183 0.539732 0.369940 0.521382 0.332301
0 0.411346 0.316931 0.462555 0.305728 0.451291 0.278571 0.400430 0.289754
0 0.636091 0.323704 0.628058 0.285142 0.590232 0.288670 0.598601 0.327232
0 0.599270 0.320931 0.591759 0.281689 0.552072 0.285898 0.560942 0.325090
