0 0.367122 0.604351 0.356291 0.553000 0.329865 0.564075 0.340262 0.614277
0 0.434759 0.588312 0.434883 0.534385 0.407108 0.533889 0.406409 0.587136
0 0.322743 0.685317 0.354278 0.715589 0.370154 0.684372 0.337869 0.654124
0 0.441473 0.635177 0.408115 0.665096 0.425011 0.697748 0.457828 0.667110
0 0.469227 0.674291 0.440294 0.711006 0.460157 0.741105 0.489423 0.703967
0 0.554111 0.709344 0.586380 0.674437 0.566655 0.643131 0.534823 0.678220
0 0.500801 0.661402 0.537828 0.636089 0.523979 0.601132 0.488130 0.625441
0 0.465579 0.644277 0.482458 0.594614 0.456762 0.578445 0.439863 0.626955
0 0.474986 0.550188 0.460379 0.500008 0.433530 0.514447 0.448355 0.563888
0 0.529043 0.546056 0.497981 0.510808 0.478924 0.539756 0.509938 0.575817
0 0.578415 0.539509 0.536882 0.542761 0.538954 0.581787 0.580467 0.578386
0 0.606002 0.566490 0.617087 0.512729 0.587555 0.502409 0.576483 0.556400
0 0.573461 0.499614 0.610331 0.472555 0.596264 0.438342 0.559138 0.464545
0 0.541203 0.451808 0.545811 0.490350 0.505219 0.498912 0.500610 0.460369
0 0.464148 0.420435 0.486443 0.444421 0.460451 0.485787 0.438667 0.461750
0 0.429000 0.420252 0.417814 0.455161 0.381944 0.434387 0.393081 0.399147
0 0.373060 0.465352 0.364715 0.501083 0.328346 0.485037 0.336816 0.449637
0 0.355169 0.499154 0.355117 0.537007 0.316721 0.536410 0.317046 0.498723
0 0.587219 0.438323 0.628569 0.422443 0.620723 0.384065 0.579247 0.400442
0 0.559641 0.381977 0.601909 0.371096 0.596428 0.332058 0.554534 0.343931
0 0.547882 0.385151 0.539964 0.423136 0.500891 0.408770 0.508809 0.370785
0 0.459460 0.419257 0.483937 0.398543 0.461900 0.352608 0.438124 0.374234
0 0.427441 0.316863 0.440626 0.350798 0.475923 0.324042 0.462410 0.289998
0 0.434150 0.264567 0.428420 0.227661 0.390177 0.239646 0.395620 0.277883
