0 0.553226 0.448834 0.504954 0.449744 0.506713 0.410253 0.552346 0.408431
0 0.558260 0.438700 0.544779 0.412206 0.591670 0.401018 0.606137 0.424995
0 0.676771 0.475759 0.637874 0.477991 0.632769 0.439393 0.669706 0.437313
0 0.665905 0.404146 0.678959 0.430001 0.728465 0.417778 0.715490 0.393271
0 0.590019 0.496911 0.552356 0.494064 0.557401 0.456220 0.595065 0.459067
0 0.533462 0.503914 0.497398 0.515083 0.477476 0.477855 0.512667 0.467673
0 0.458710 0.469823 0.419738 0.463801 0.433989 0.426683 0.470343 0.432814
0 0.346220 0.425701 0.384029 0.429795 0.375051 0.467498 0.335851 0.463499
0 0.379463 0.508943 0.348198 0.527338 0.313298 0.496351 0.344853 0.478285
0 0.408219 0.551194 0.388026 0.525998 0.436682 0.506739 0.456298 0.530632
0 0.471855 0.533090 0.488010 0.559444 0.538205 0.543516 0.522627 0.516437
0 0.541185 0.524824 0.578241 0.516048 0.597153 0.554795 0.559218 0.563819
0 0.617983 0.521704 0.650594 0.507475 0.680528 0.542984 0.646413 0.557212
0 0.715118 0.516154 0.677424 0.526146 0.657038 0.487918 0.693386 0.478940
0 0.729767 0.525745 0.745654 0.553194 0.796492 0.540854 0.781609 0.512649
0 0.827567 0.610424 0.787140 0.616008 0.772308 0.572868 0.811280 0.567831
0 0.671902 0.610619 0.635058 0.622604 0.612869 0.582288 0.648824 0.571963
0 0.534187 0.584812 0.542813 0.614453 0.598104 0.605461 0.588594 0.575819
0 0.457955 0.564714 0.493252 0.553123 0.517443 0.591455 0.480607 0.603791
0 0.462018 0.639496 0.498140 0.653851 0.524076 0.614210 0.489960 0.600863
0 0.460460 0.636581 0.458481 0.605203 0.402292 0.607769 0.403257 0.638706
0 0.377154 0.614352 0.413654 0.599789 0.388205 0.563328 0.351560 0.577234
0 0.294106 0.536596 0.332787 0.526194 0.351837 0.563859 0.313155 0.575684
0 0.300048 0.642393 0.335967 0.625750 0.365342 0.664401 0.327823 0.681153
0 0.531229 0.675123 0.518151 0.705966 0.461205 0.692277 0.474880 0.659629
0 0.534750 0.656530 0.570521 0.640746 0.601100 0.680712 0.565329 0.696351
0 0.568790 0.709383 0.580906 0.742109 0.638409 0.729511 0.626101 0.697654
0 0.668218 0.661743 0.657256 0.692586 0.714182 0.707356 0.725529 0.675644
0 0.601771 0.618155 0.580329 0.642744 0.629035 0.668443 0.650767 0.642378
0 0.666573 0.621464 0.663881 0.652886 0.722153 0.658244 0.724653 0.626821
