0 0.382032 0.243830 0.340631 0.237635 0.328733 0.280138 0.370965 0.285758
0 0.420648 0.283473 0.464196 0.292438 0.479342 0.249385 0.436597 0.240745
0 0.560394 0.230428 0.574291 0.258332 0.628863 0.243815 0.615057 0.216333
0 0.696442 0.222006 0.708253 0.250246 0.764361 0.239596 0.751938 0.210509
0 0.661244 0.303968 0.702293 0.302708 0.698304 0.260949 0.657384 0.262015
0 0.567115 0.320213 0.608078 0.324316 0.615376 0.282557 0.574073 0.278051
0 0.505229 0.340655 0.544247 0.330472 0.524592 0.290324 0.485047 0.300246
0 0.386875 0.351134 0.406678 0.378750 0.459384 0.358025 0.439407 0.331061
0 0.342326 0.350835 0.376553 0.331392 0.338533 0.297506 0.305057 0.316111
0 0.374895 0.446657 0.414657 0.431543 0.386216 0.391557 0.347361 0.405876
0 0.332318 0.456115 0.292940 0.472231 0.324164 0.512343 0.362457 0.496248
0 0.463388 0.470209 0.461665 0.437606 0.401207 0.439206 0.402433 0.472138
0 0.501639 0.382541 0.461353 0.392708 0.480933 0.435242 0.522345 0.425244
0 0.477227 0.360567 0.492522 0.389614 0.547720 0.373457 0.532005 0.343989
0 0.593113 0.344905 0.553405 0.353988 0.570700 0.395951 0.611168 0.387281
0 0.672635 0.336835 0.635702 0.351085 0.664596 0.390523 0.700998 0.376082
0 0.699929 0.356985 0.739763 0.347212 0.720425 0.306238 0.680906 0.315702
0 0.754416 0.357843 0.768457 0.387296 0.824181 0.374659 0.810306 0.345002
0 0.807463 0.453941 0.849392 0.449932 0.838197 0.404976 0.796247 0.409723
0 0.680898 0.457584 0.675084 0.489900 0.735716 0.496921 0.741249 0.464657
0 0.724429 0.545543 0.737039 0.514539 0.678704 0.498520 0.665093 0.529395
0 0.643962 0.566501 0.632510 0.533365 0.572811 0.544401 0.583886 0.577179
0 0.612790 0.453139 0.588230 0.478653 0.637756 0.505247 0.662859 0.479093
0 0.579116 0.476476 0.541253 0.490980 0.569718 0.532157 0.607925 0.516777
0 0.542351 0.417303 0.549797 0.448519 0.609447 0.441129 0.601070 0.409531
0 0.646112 0.458450 0.686809 0.448002 0.666079 0.405829 0.626069 0.416399
0 0.581404 0.262967 0.601769 0.290386 0.651548 0.269875 0.631866 0.243357
0 0.500594 0.438089 0.555939 0.443549 0.530782 0.479872 0.476473 0.474747
